/*
*************************************************************

Reference: https://en.wikipedia.org/wiki/Cholesky_decomposition

*************************************************************
*/
#include "lib.h"
#include <math.h>
#define N 128

int main() {
  float A[N][N] = {
      {1.0,   2.0,   3.0,   4.0,   5.0,   6.0,   7.0,   8.0,   9.0,   10.0,
       11.0,  12.0,  13.0,  14.0,  15.0,  16.0,  17.0,  18.0,  19.0,  20.0,
       21.0,  22.0,  23.0,  24.0,  25.0,  26.0,  27.0,  28.0,  29.0,  30.0,
       31.0,  32.0,  33.0,  34.0,  35.0,  36.0,  37.0,  38.0,  39.0,  40.0,
       41.0,  42.0,  43.0,  44.0,  45.0,  46.0,  47.0,  48.0,  49.0,  50.0,
       51.0,  52.0,  53.0,  54.0,  55.0,  56.0,  57.0,  58.0,  59.0,  60.0,
       61.0,  62.0,  63.0,  64.0,  65.0,  66.0,  67.0,  68.0,  69.0,  70.0,
       71.0,  72.0,  73.0,  74.0,  75.0,  76.0,  77.0,  78.0,  79.0,  80.0,
       81.0,  82.0,  83.0,  84.0,  85.0,  86.0,  87.0,  88.0,  89.0,  90.0,
       91.0,  92.0,  93.0,  94.0,  95.0,  96.0,  97.0,  98.0,  99.0,  100.0,
       101.0, 102.0, 103.0, 104.0, 105.0, 106.0, 107.0, 108.0, 109.0, 110.0,
       111.0, 112.0, 113.0, 114.0, 115.0, 116.0, 117.0, 118.0, 119.0, 120.0,
       121.0, 122.0, 123.0, 124.0, 125.0, 126.0, 127.0, 128.0},
      {2.0,   8.0,   12.0,  16.0,  20.0,  24.0,  28.0,  32.0,  36.0,  40.0,
       44.0,  48.0,  52.0,  56.0,  60.0,  64.0,  68.0,  72.0,  76.0,  80.0,
       84.0,  88.0,  92.0,  96.0,  100.0, 104.0, 108.0, 112.0, 116.0, 120.0,
       124.0, 128.0, 132.0, 136.0, 140.0, 144.0, 148.0, 152.0, 156.0, 160.0,
       164.0, 168.0, 172.0, 176.0, 180.0, 184.0, 188.0, 192.0, 196.0, 200.0,
       204.0, 208.0, 212.0, 216.0, 220.0, 224.0, 228.0, 232.0, 236.0, 240.0,
       244.0, 248.0, 252.0, 256.0, 260.0, 264.0, 268.0, 272.0, 276.0, 280.0,
       284.0, 288.0, 292.0, 296.0, 300.0, 304.0, 308.0, 312.0, 316.0, 320.0,
       324.0, 328.0, 332.0, 336.0, 340.0, 344.0, 348.0, 352.0, 356.0, 360.0,
       364.0, 368.0, 372.0, 376.0, 380.0, 384.0, 388.0, 392.0, 396.0, 400.0,
       404.0, 408.0, 412.0, 416.0, 420.0, 424.0, 428.0, 432.0, 436.0, 440.0,
       444.0, 448.0, 452.0, 456.0, 460.0, 464.0, 468.0, 472.0, 476.0, 480.0,
       484.0, 488.0, 492.0, 496.0, 500.0, 504.0, 508.0, 512.0},
      {3.0,    12.0,   27.0,   36.0,   45.0,   54.0,   63.0,   72.0,   81.0,
       90.0,   99.0,   108.0,  117.0,  126.0,  135.0,  144.0,  153.0,  162.0,
       171.0,  180.0,  189.0,  198.0,  207.0,  216.0,  225.0,  234.0,  243.0,
       252.0,  261.0,  270.0,  279.0,  288.0,  297.0,  306.0,  315.0,  324.0,
       333.0,  342.0,  351.0,  360.0,  369.0,  378.0,  387.0,  396.0,  405.0,
       414.0,  423.0,  432.0,  441.0,  450.0,  459.0,  468.0,  477.0,  486.0,
       495.0,  504.0,  513.0,  522.0,  531.0,  540.0,  549.0,  558.0,  567.0,
       576.0,  585.0,  594.0,  603.0,  612.0,  621.0,  630.0,  639.0,  648.0,
       657.0,  666.0,  675.0,  684.0,  693.0,  702.0,  711.0,  720.0,  729.0,
       738.0,  747.0,  756.0,  765.0,  774.0,  783.0,  792.0,  801.0,  810.0,
       819.0,  828.0,  837.0,  846.0,  855.0,  864.0,  873.0,  882.0,  891.0,
       900.0,  909.0,  918.0,  927.0,  936.0,  945.0,  954.0,  963.0,  972.0,
       981.0,  990.0,  999.0,  1008.0, 1017.0, 1026.0, 1035.0, 1044.0, 1053.0,
       1062.0, 1071.0, 1080.0, 1089.0, 1098.0, 1107.0, 1116.0, 1125.0, 1134.0,
       1143.0, 1152.0},
      {4.0,    16.0,   36.0,   64.0,   80.0,   96.0,   112.0,  128.0,  144.0,
       160.0,  176.0,  192.0,  208.0,  224.0,  240.0,  256.0,  272.0,  288.0,
       304.0,  320.0,  336.0,  352.0,  368.0,  384.0,  400.0,  416.0,  432.0,
       448.0,  464.0,  480.0,  496.0,  512.0,  528.0,  544.0,  560.0,  576.0,
       592.0,  608.0,  624.0,  640.0,  656.0,  672.0,  688.0,  704.0,  720.0,
       736.0,  752.0,  768.0,  784.0,  800.0,  816.0,  832.0,  848.0,  864.0,
       880.0,  896.0,  912.0,  928.0,  944.0,  960.0,  976.0,  992.0,  1008.0,
       1024.0, 1040.0, 1056.0, 1072.0, 1088.0, 1104.0, 1120.0, 1136.0, 1152.0,
       1168.0, 1184.0, 1200.0, 1216.0, 1232.0, 1248.0, 1264.0, 1280.0, 1296.0,
       1312.0, 1328.0, 1344.0, 1360.0, 1376.0, 1392.0, 1408.0, 1424.0, 1440.0,
       1456.0, 1472.0, 1488.0, 1504.0, 1520.0, 1536.0, 1552.0, 1568.0, 1584.0,
       1600.0, 1616.0, 1632.0, 1648.0, 1664.0, 1680.0, 1696.0, 1712.0, 1728.0,
       1744.0, 1760.0, 1776.0, 1792.0, 1808.0, 1824.0, 1840.0, 1856.0, 1872.0,
       1888.0, 1904.0, 1920.0, 1936.0, 1952.0, 1968.0, 1984.0, 2000.0, 2016.0,
       2032.0, 2048.0},
      {5.0,    20.0,   45.0,   80.0,   125.0,  150.0,  175.0,  200.0,  225.0,
       250.0,  275.0,  300.0,  325.0,  350.0,  375.0,  400.0,  425.0,  450.0,
       475.0,  500.0,  525.0,  550.0,  575.0,  600.0,  625.0,  650.0,  675.0,
       700.0,  725.0,  750.0,  775.0,  800.0,  825.0,  850.0,  875.0,  900.0,
       925.0,  950.0,  975.0,  1000.0, 1025.0, 1050.0, 1075.0, 1100.0, 1125.0,
       1150.0, 1175.0, 1200.0, 1225.0, 1250.0, 1275.0, 1300.0, 1325.0, 1350.0,
       1375.0, 1400.0, 1425.0, 1450.0, 1475.0, 1500.0, 1525.0, 1550.0, 1575.0,
       1600.0, 1625.0, 1650.0, 1675.0, 1700.0, 1725.0, 1750.0, 1775.0, 1800.0,
       1825.0, 1850.0, 1875.0, 1900.0, 1925.0, 1950.0, 1975.0, 2000.0, 2025.0,
       2050.0, 2075.0, 2100.0, 2125.0, 2150.0, 2175.0, 2200.0, 2225.0, 2250.0,
       2275.0, 2300.0, 2325.0, 2350.0, 2375.0, 2400.0, 2425.0, 2450.0, 2475.0,
       2500.0, 2525.0, 2550.0, 2575.0, 2600.0, 2625.0, 2650.0, 2675.0, 2700.0,
       2725.0, 2750.0, 2775.0, 2800.0, 2825.0, 2850.0, 2875.0, 2900.0, 2925.0,
       2950.0, 2975.0, 3000.0, 3025.0, 3050.0, 3075.0, 3100.0, 3125.0, 3150.0,
       3175.0, 3200.0},
      {6.0,    24.0,   54.0,   96.0,   150.0,  216.0,  252.0,  288.0,  324.0,
       360.0,  396.0,  432.0,  468.0,  504.0,  540.0,  576.0,  612.0,  648.0,
       684.0,  720.0,  756.0,  792.0,  828.0,  864.0,  900.0,  936.0,  972.0,
       1008.0, 1044.0, 1080.0, 1116.0, 1152.0, 1188.0, 1224.0, 1260.0, 1296.0,
       1332.0, 1368.0, 1404.0, 1440.0, 1476.0, 1512.0, 1548.0, 1584.0, 1620.0,
       1656.0, 1692.0, 1728.0, 1764.0, 1800.0, 1836.0, 1872.0, 1908.0, 1944.0,
       1980.0, 2016.0, 2052.0, 2088.0, 2124.0, 2160.0, 2196.0, 2232.0, 2268.0,
       2304.0, 2340.0, 2376.0, 2412.0, 2448.0, 2484.0, 2520.0, 2556.0, 2592.0,
       2628.0, 2664.0, 2700.0, 2736.0, 2772.0, 2808.0, 2844.0, 2880.0, 2916.0,
       2952.0, 2988.0, 3024.0, 3060.0, 3096.0, 3132.0, 3168.0, 3204.0, 3240.0,
       3276.0, 3312.0, 3348.0, 3384.0, 3420.0, 3456.0, 3492.0, 3528.0, 3564.0,
       3600.0, 3636.0, 3672.0, 3708.0, 3744.0, 3780.0, 3816.0, 3852.0, 3888.0,
       3924.0, 3960.0, 3996.0, 4032.0, 4068.0, 4104.0, 4140.0, 4176.0, 4212.0,
       4248.0, 4284.0, 4320.0, 4356.0, 4392.0, 4428.0, 4464.0, 4500.0, 4536.0,
       4572.0, 4608.0},
      {7.0,    28.0,   63.0,   112.0,  175.0,  252.0,  343.0,  392.0,  441.0,
       490.0,  539.0,  588.0,  637.0,  686.0,  735.0,  784.0,  833.0,  882.0,
       931.0,  980.0,  1029.0, 1078.0, 1127.0, 1176.0, 1225.0, 1274.0, 1323.0,
       1372.0, 1421.0, 1470.0, 1519.0, 1568.0, 1617.0, 1666.0, 1715.0, 1764.0,
       1813.0, 1862.0, 1911.0, 1960.0, 2009.0, 2058.0, 2107.0, 2156.0, 2205.0,
       2254.0, 2303.0, 2352.0, 2401.0, 2450.0, 2499.0, 2548.0, 2597.0, 2646.0,
       2695.0, 2744.0, 2793.0, 2842.0, 2891.0, 2940.0, 2989.0, 3038.0, 3087.0,
       3136.0, 3185.0, 3234.0, 3283.0, 3332.0, 3381.0, 3430.0, 3479.0, 3528.0,
       3577.0, 3626.0, 3675.0, 3724.0, 3773.0, 3822.0, 3871.0, 3920.0, 3969.0,
       4018.0, 4067.0, 4116.0, 4165.0, 4214.0, 4263.0, 4312.0, 4361.0, 4410.0,
       4459.0, 4508.0, 4557.0, 4606.0, 4655.0, 4704.0, 4753.0, 4802.0, 4851.0,
       4900.0, 4949.0, 4998.0, 5047.0, 5096.0, 5145.0, 5194.0, 5243.0, 5292.0,
       5341.0, 5390.0, 5439.0, 5488.0, 5537.0, 5586.0, 5635.0, 5684.0, 5733.0,
       5782.0, 5831.0, 5880.0, 5929.0, 5978.0, 6027.0, 6076.0, 6125.0, 6174.0,
       6223.0, 6272.0},
      {8.0,    32.0,   72.0,   128.0,  200.0,  288.0,  392.0,  512.0,  576.0,
       640.0,  704.0,  768.0,  832.0,  896.0,  960.0,  1024.0, 1088.0, 1152.0,
       1216.0, 1280.0, 1344.0, 1408.0, 1472.0, 1536.0, 1600.0, 1664.0, 1728.0,
       1792.0, 1856.0, 1920.0, 1984.0, 2048.0, 2112.0, 2176.0, 2240.0, 2304.0,
       2368.0, 2432.0, 2496.0, 2560.0, 2624.0, 2688.0, 2752.0, 2816.0, 2880.0,
       2944.0, 3008.0, 3072.0, 3136.0, 3200.0, 3264.0, 3328.0, 3392.0, 3456.0,
       3520.0, 3584.0, 3648.0, 3712.0, 3776.0, 3840.0, 3904.0, 3968.0, 4032.0,
       4096.0, 4160.0, 4224.0, 4288.0, 4352.0, 4416.0, 4480.0, 4544.0, 4608.0,
       4672.0, 4736.0, 4800.0, 4864.0, 4928.0, 4992.0, 5056.0, 5120.0, 5184.0,
       5248.0, 5312.0, 5376.0, 5440.0, 5504.0, 5568.0, 5632.0, 5696.0, 5760.0,
       5824.0, 5888.0, 5952.0, 6016.0, 6080.0, 6144.0, 6208.0, 6272.0, 6336.0,
       6400.0, 6464.0, 6528.0, 6592.0, 6656.0, 6720.0, 6784.0, 6848.0, 6912.0,
       6976.0, 7040.0, 7104.0, 7168.0, 7232.0, 7296.0, 7360.0, 7424.0, 7488.0,
       7552.0, 7616.0, 7680.0, 7744.0, 7808.0, 7872.0, 7936.0, 8000.0, 8064.0,
       8128.0, 8192.0},
      {9.0,    36.0,   81.0,   144.0,   225.0,   324.0,   441.0,   576.0,
       729.0,  810.0,  891.0,  972.0,   1053.0,  1134.0,  1215.0,  1296.0,
       1377.0, 1458.0, 1539.0, 1620.0,  1701.0,  1782.0,  1863.0,  1944.0,
       2025.0, 2106.0, 2187.0, 2268.0,  2349.0,  2430.0,  2511.0,  2592.0,
       2673.0, 2754.0, 2835.0, 2916.0,  2997.0,  3078.0,  3159.0,  3240.0,
       3321.0, 3402.0, 3483.0, 3564.0,  3645.0,  3726.0,  3807.0,  3888.0,
       3969.0, 4050.0, 4131.0, 4212.0,  4293.0,  4374.0,  4455.0,  4536.0,
       4617.0, 4698.0, 4779.0, 4860.0,  4941.0,  5022.0,  5103.0,  5184.0,
       5265.0, 5346.0, 5427.0, 5508.0,  5589.0,  5670.0,  5751.0,  5832.0,
       5913.0, 5994.0, 6075.0, 6156.0,  6237.0,  6318.0,  6399.0,  6480.0,
       6561.0, 6642.0, 6723.0, 6804.0,  6885.0,  6966.0,  7047.0,  7128.0,
       7209.0, 7290.0, 7371.0, 7452.0,  7533.0,  7614.0,  7695.0,  7776.0,
       7857.0, 7938.0, 8019.0, 8100.0,  8181.0,  8262.0,  8343.0,  8424.0,
       8505.0, 8586.0, 8667.0, 8748.0,  8829.0,  8910.0,  8991.0,  9072.0,
       9153.0, 9234.0, 9315.0, 9396.0,  9477.0,  9558.0,  9639.0,  9720.0,
       9801.0, 9882.0, 9963.0, 10044.0, 10125.0, 10206.0, 10287.0, 10368.0},
      {10.0,    40.0,    90.0,    160.0,   250.0,   360.0,   490.0,   640.0,
       810.0,   1000.0,  1100.0,  1200.0,  1300.0,  1400.0,  1500.0,  1600.0,
       1700.0,  1800.0,  1900.0,  2000.0,  2100.0,  2200.0,  2300.0,  2400.0,
       2500.0,  2600.0,  2700.0,  2800.0,  2900.0,  3000.0,  3100.0,  3200.0,
       3300.0,  3400.0,  3500.0,  3600.0,  3700.0,  3800.0,  3900.0,  4000.0,
       4100.0,  4200.0,  4300.0,  4400.0,  4500.0,  4600.0,  4700.0,  4800.0,
       4900.0,  5000.0,  5100.0,  5200.0,  5300.0,  5400.0,  5500.0,  5600.0,
       5700.0,  5800.0,  5900.0,  6000.0,  6100.0,  6200.0,  6300.0,  6400.0,
       6500.0,  6600.0,  6700.0,  6800.0,  6900.0,  7000.0,  7100.0,  7200.0,
       7300.0,  7400.0,  7500.0,  7600.0,  7700.0,  7800.0,  7900.0,  8000.0,
       8100.0,  8200.0,  8300.0,  8400.0,  8500.0,  8600.0,  8700.0,  8800.0,
       8900.0,  9000.0,  9100.0,  9200.0,  9300.0,  9400.0,  9500.0,  9600.0,
       9700.0,  9800.0,  9900.0,  10000.0, 10100.0, 10200.0, 10300.0, 10400.0,
       10500.0, 10600.0, 10700.0, 10800.0, 10900.0, 11000.0, 11100.0, 11200.0,
       11300.0, 11400.0, 11500.0, 11600.0, 11700.0, 11800.0, 11900.0, 12000.0,
       12100.0, 12200.0, 12300.0, 12400.0, 12500.0, 12600.0, 12700.0, 12800.0},
      {11.0,    44.0,    99.0,    176.0,   275.0,   396.0,   539.0,   704.0,
       891.0,   1100.0,  1331.0,  1452.0,  1573.0,  1694.0,  1815.0,  1936.0,
       2057.0,  2178.0,  2299.0,  2420.0,  2541.0,  2662.0,  2783.0,  2904.0,
       3025.0,  3146.0,  3267.0,  3388.0,  3509.0,  3630.0,  3751.0,  3872.0,
       3993.0,  4114.0,  4235.0,  4356.0,  4477.0,  4598.0,  4719.0,  4840.0,
       4961.0,  5082.0,  5203.0,  5324.0,  5445.0,  5566.0,  5687.0,  5808.0,
       5929.0,  6050.0,  6171.0,  6292.0,  6413.0,  6534.0,  6655.0,  6776.0,
       6897.0,  7018.0,  7139.0,  7260.0,  7381.0,  7502.0,  7623.0,  7744.0,
       7865.0,  7986.0,  8107.0,  8228.0,  8349.0,  8470.0,  8591.0,  8712.0,
       8833.0,  8954.0,  9075.0,  9196.0,  9317.0,  9438.0,  9559.0,  9680.0,
       9801.0,  9922.0,  10043.0, 10164.0, 10285.0, 10406.0, 10527.0, 10648.0,
       10769.0, 10890.0, 11011.0, 11132.0, 11253.0, 11374.0, 11495.0, 11616.0,
       11737.0, 11858.0, 11979.0, 12100.0, 12221.0, 12342.0, 12463.0, 12584.0,
       12705.0, 12826.0, 12947.0, 13068.0, 13189.0, 13310.0, 13431.0, 13552.0,
       13673.0, 13794.0, 13915.0, 14036.0, 14157.0, 14278.0, 14399.0, 14520.0,
       14641.0, 14762.0, 14883.0, 15004.0, 15125.0, 15246.0, 15367.0, 15488.0},
      {12.0,    48.0,    108.0,   192.0,   300.0,   432.0,   588.0,   768.0,
       972.0,   1200.0,  1452.0,  1728.0,  1872.0,  2016.0,  2160.0,  2304.0,
       2448.0,  2592.0,  2736.0,  2880.0,  3024.0,  3168.0,  3312.0,  3456.0,
       3600.0,  3744.0,  3888.0,  4032.0,  4176.0,  4320.0,  4464.0,  4608.0,
       4752.0,  4896.0,  5040.0,  5184.0,  5328.0,  5472.0,  5616.0,  5760.0,
       5904.0,  6048.0,  6192.0,  6336.0,  6480.0,  6624.0,  6768.0,  6912.0,
       7056.0,  7200.0,  7344.0,  7488.0,  7632.0,  7776.0,  7920.0,  8064.0,
       8208.0,  8352.0,  8496.0,  8640.0,  8784.0,  8928.0,  9072.0,  9216.0,
       9360.0,  9504.0,  9648.0,  9792.0,  9936.0,  10080.0, 10224.0, 10368.0,
       10512.0, 10656.0, 10800.0, 10944.0, 11088.0, 11232.0, 11376.0, 11520.0,
       11664.0, 11808.0, 11952.0, 12096.0, 12240.0, 12384.0, 12528.0, 12672.0,
       12816.0, 12960.0, 13104.0, 13248.0, 13392.0, 13536.0, 13680.0, 13824.0,
       13968.0, 14112.0, 14256.0, 14400.0, 14544.0, 14688.0, 14832.0, 14976.0,
       15120.0, 15264.0, 15408.0, 15552.0, 15696.0, 15840.0, 15984.0, 16128.0,
       16272.0, 16416.0, 16560.0, 16704.0, 16848.0, 16992.0, 17136.0, 17280.0,
       17424.0, 17568.0, 17712.0, 17856.0, 18000.0, 18144.0, 18288.0, 18432.0},
      {13.0,    52.0,    117.0,   208.0,   325.0,   468.0,   637.0,   832.0,
       1053.0,  1300.0,  1573.0,  1872.0,  2197.0,  2366.0,  2535.0,  2704.0,
       2873.0,  3042.0,  3211.0,  3380.0,  3549.0,  3718.0,  3887.0,  4056.0,
       4225.0,  4394.0,  4563.0,  4732.0,  4901.0,  5070.0,  5239.0,  5408.0,
       5577.0,  5746.0,  5915.0,  6084.0,  6253.0,  6422.0,  6591.0,  6760.0,
       6929.0,  7098.0,  7267.0,  7436.0,  7605.0,  7774.0,  7943.0,  8112.0,
       8281.0,  8450.0,  8619.0,  8788.0,  8957.0,  9126.0,  9295.0,  9464.0,
       9633.0,  9802.0,  9971.0,  10140.0, 10309.0, 10478.0, 10647.0, 10816.0,
       10985.0, 11154.0, 11323.0, 11492.0, 11661.0, 11830.0, 11999.0, 12168.0,
       12337.0, 12506.0, 12675.0, 12844.0, 13013.0, 13182.0, 13351.0, 13520.0,
       13689.0, 13858.0, 14027.0, 14196.0, 14365.0, 14534.0, 14703.0, 14872.0,
       15041.0, 15210.0, 15379.0, 15548.0, 15717.0, 15886.0, 16055.0, 16224.0,
       16393.0, 16562.0, 16731.0, 16900.0, 17069.0, 17238.0, 17407.0, 17576.0,
       17745.0, 17914.0, 18083.0, 18252.0, 18421.0, 18590.0, 18759.0, 18928.0,
       19097.0, 19266.0, 19435.0, 19604.0, 19773.0, 19942.0, 20111.0, 20280.0,
       20449.0, 20618.0, 20787.0, 20956.0, 21125.0, 21294.0, 21463.0, 21632.0},
      {14.0,    56.0,    126.0,   224.0,   350.0,   504.0,   686.0,   896.0,
       1134.0,  1400.0,  1694.0,  2016.0,  2366.0,  2744.0,  2940.0,  3136.0,
       3332.0,  3528.0,  3724.0,  3920.0,  4116.0,  4312.0,  4508.0,  4704.0,
       4900.0,  5096.0,  5292.0,  5488.0,  5684.0,  5880.0,  6076.0,  6272.0,
       6468.0,  6664.0,  6860.0,  7056.0,  7252.0,  7448.0,  7644.0,  7840.0,
       8036.0,  8232.0,  8428.0,  8624.0,  8820.0,  9016.0,  9212.0,  9408.0,
       9604.0,  9800.0,  9996.0,  10192.0, 10388.0, 10584.0, 10780.0, 10976.0,
       11172.0, 11368.0, 11564.0, 11760.0, 11956.0, 12152.0, 12348.0, 12544.0,
       12740.0, 12936.0, 13132.0, 13328.0, 13524.0, 13720.0, 13916.0, 14112.0,
       14308.0, 14504.0, 14700.0, 14896.0, 15092.0, 15288.0, 15484.0, 15680.0,
       15876.0, 16072.0, 16268.0, 16464.0, 16660.0, 16856.0, 17052.0, 17248.0,
       17444.0, 17640.0, 17836.0, 18032.0, 18228.0, 18424.0, 18620.0, 18816.0,
       19012.0, 19208.0, 19404.0, 19600.0, 19796.0, 19992.0, 20188.0, 20384.0,
       20580.0, 20776.0, 20972.0, 21168.0, 21364.0, 21560.0, 21756.0, 21952.0,
       22148.0, 22344.0, 22540.0, 22736.0, 22932.0, 23128.0, 23324.0, 23520.0,
       23716.0, 23912.0, 24108.0, 24304.0, 24500.0, 24696.0, 24892.0, 25088.0},
      {15.0,    60.0,    135.0,   240.0,   375.0,   540.0,   735.0,   960.0,
       1215.0,  1500.0,  1815.0,  2160.0,  2535.0,  2940.0,  3375.0,  3600.0,
       3825.0,  4050.0,  4275.0,  4500.0,  4725.0,  4950.0,  5175.0,  5400.0,
       5625.0,  5850.0,  6075.0,  6300.0,  6525.0,  6750.0,  6975.0,  7200.0,
       7425.0,  7650.0,  7875.0,  8100.0,  8325.0,  8550.0,  8775.0,  9000.0,
       9225.0,  9450.0,  9675.0,  9900.0,  10125.0, 10350.0, 10575.0, 10800.0,
       11025.0, 11250.0, 11475.0, 11700.0, 11925.0, 12150.0, 12375.0, 12600.0,
       12825.0, 13050.0, 13275.0, 13500.0, 13725.0, 13950.0, 14175.0, 14400.0,
       14625.0, 14850.0, 15075.0, 15300.0, 15525.0, 15750.0, 15975.0, 16200.0,
       16425.0, 16650.0, 16875.0, 17100.0, 17325.0, 17550.0, 17775.0, 18000.0,
       18225.0, 18450.0, 18675.0, 18900.0, 19125.0, 19350.0, 19575.0, 19800.0,
       20025.0, 20250.0, 20475.0, 20700.0, 20925.0, 21150.0, 21375.0, 21600.0,
       21825.0, 22050.0, 22275.0, 22500.0, 22725.0, 22950.0, 23175.0, 23400.0,
       23625.0, 23850.0, 24075.0, 24300.0, 24525.0, 24750.0, 24975.0, 25200.0,
       25425.0, 25650.0, 25875.0, 26100.0, 26325.0, 26550.0, 26775.0, 27000.0,
       27225.0, 27450.0, 27675.0, 27900.0, 28125.0, 28350.0, 28575.0, 28800.0},
      {16.0,    64.0,    144.0,   256.0,   400.0,   576.0,   784.0,   1024.0,
       1296.0,  1600.0,  1936.0,  2304.0,  2704.0,  3136.0,  3600.0,  4096.0,
       4352.0,  4608.0,  4864.0,  5120.0,  5376.0,  5632.0,  5888.0,  6144.0,
       6400.0,  6656.0,  6912.0,  7168.0,  7424.0,  7680.0,  7936.0,  8192.0,
       8448.0,  8704.0,  8960.0,  9216.0,  9472.0,  9728.0,  9984.0,  10240.0,
       10496.0, 10752.0, 11008.0, 11264.0, 11520.0, 11776.0, 12032.0, 12288.0,
       12544.0, 12800.0, 13056.0, 13312.0, 13568.0, 13824.0, 14080.0, 14336.0,
       14592.0, 14848.0, 15104.0, 15360.0, 15616.0, 15872.0, 16128.0, 16384.0,
       16640.0, 16896.0, 17152.0, 17408.0, 17664.0, 17920.0, 18176.0, 18432.0,
       18688.0, 18944.0, 19200.0, 19456.0, 19712.0, 19968.0, 20224.0, 20480.0,
       20736.0, 20992.0, 21248.0, 21504.0, 21760.0, 22016.0, 22272.0, 22528.0,
       22784.0, 23040.0, 23296.0, 23552.0, 23808.0, 24064.0, 24320.0, 24576.0,
       24832.0, 25088.0, 25344.0, 25600.0, 25856.0, 26112.0, 26368.0, 26624.0,
       26880.0, 27136.0, 27392.0, 27648.0, 27904.0, 28160.0, 28416.0, 28672.0,
       28928.0, 29184.0, 29440.0, 29696.0, 29952.0, 30208.0, 30464.0, 30720.0,
       30976.0, 31232.0, 31488.0, 31744.0, 32000.0, 32256.0, 32512.0, 32768.0},
      {17.0,    68.0,    153.0,   272.0,   425.0,   612.0,   833.0,   1088.0,
       1377.0,  1700.0,  2057.0,  2448.0,  2873.0,  3332.0,  3825.0,  4352.0,
       4913.0,  5202.0,  5491.0,  5780.0,  6069.0,  6358.0,  6647.0,  6936.0,
       7225.0,  7514.0,  7803.0,  8092.0,  8381.0,  8670.0,  8959.0,  9248.0,
       9537.0,  9826.0,  10115.0, 10404.0, 10693.0, 10982.0, 11271.0, 11560.0,
       11849.0, 12138.0, 12427.0, 12716.0, 13005.0, 13294.0, 13583.0, 13872.0,
       14161.0, 14450.0, 14739.0, 15028.0, 15317.0, 15606.0, 15895.0, 16184.0,
       16473.0, 16762.0, 17051.0, 17340.0, 17629.0, 17918.0, 18207.0, 18496.0,
       18785.0, 19074.0, 19363.0, 19652.0, 19941.0, 20230.0, 20519.0, 20808.0,
       21097.0, 21386.0, 21675.0, 21964.0, 22253.0, 22542.0, 22831.0, 23120.0,
       23409.0, 23698.0, 23987.0, 24276.0, 24565.0, 24854.0, 25143.0, 25432.0,
       25721.0, 26010.0, 26299.0, 26588.0, 26877.0, 27166.0, 27455.0, 27744.0,
       28033.0, 28322.0, 28611.0, 28900.0, 29189.0, 29478.0, 29767.0, 30056.0,
       30345.0, 30634.0, 30923.0, 31212.0, 31501.0, 31790.0, 32079.0, 32368.0,
       32657.0, 32946.0, 33235.0, 33524.0, 33813.0, 34102.0, 34391.0, 34680.0,
       34969.0, 35258.0, 35547.0, 35836.0, 36125.0, 36414.0, 36703.0, 36992.0},
      {18.0,    72.0,    162.0,   288.0,   450.0,   648.0,   882.0,   1152.0,
       1458.0,  1800.0,  2178.0,  2592.0,  3042.0,  3528.0,  4050.0,  4608.0,
       5202.0,  5832.0,  6156.0,  6480.0,  6804.0,  7128.0,  7452.0,  7776.0,
       8100.0,  8424.0,  8748.0,  9072.0,  9396.0,  9720.0,  10044.0, 10368.0,
       10692.0, 11016.0, 11340.0, 11664.0, 11988.0, 12312.0, 12636.0, 12960.0,
       13284.0, 13608.0, 13932.0, 14256.0, 14580.0, 14904.0, 15228.0, 15552.0,
       15876.0, 16200.0, 16524.0, 16848.0, 17172.0, 17496.0, 17820.0, 18144.0,
       18468.0, 18792.0, 19116.0, 19440.0, 19764.0, 20088.0, 20412.0, 20736.0,
       21060.0, 21384.0, 21708.0, 22032.0, 22356.0, 22680.0, 23004.0, 23328.0,
       23652.0, 23976.0, 24300.0, 24624.0, 24948.0, 25272.0, 25596.0, 25920.0,
       26244.0, 26568.0, 26892.0, 27216.0, 27540.0, 27864.0, 28188.0, 28512.0,
       28836.0, 29160.0, 29484.0, 29808.0, 30132.0, 30456.0, 30780.0, 31104.0,
       31428.0, 31752.0, 32076.0, 32400.0, 32724.0, 33048.0, 33372.0, 33696.0,
       34020.0, 34344.0, 34668.0, 34992.0, 35316.0, 35640.0, 35964.0, 36288.0,
       36612.0, 36936.0, 37260.0, 37584.0, 37908.0, 38232.0, 38556.0, 38880.0,
       39204.0, 39528.0, 39852.0, 40176.0, 40500.0, 40824.0, 41148.0, 41472.0},
      {19.0,    76.0,    171.0,   304.0,   475.0,   684.0,   931.0,   1216.0,
       1539.0,  1900.0,  2299.0,  2736.0,  3211.0,  3724.0,  4275.0,  4864.0,
       5491.0,  6156.0,  6859.0,  7220.0,  7581.0,  7942.0,  8303.0,  8664.0,
       9025.0,  9386.0,  9747.0,  10108.0, 10469.0, 10830.0, 11191.0, 11552.0,
       11913.0, 12274.0, 12635.0, 12996.0, 13357.0, 13718.0, 14079.0, 14440.0,
       14801.0, 15162.0, 15523.0, 15884.0, 16245.0, 16606.0, 16967.0, 17328.0,
       17689.0, 18050.0, 18411.0, 18772.0, 19133.0, 19494.0, 19855.0, 20216.0,
       20577.0, 20938.0, 21299.0, 21660.0, 22021.0, 22382.0, 22743.0, 23104.0,
       23465.0, 23826.0, 24187.0, 24548.0, 24909.0, 25270.0, 25631.0, 25992.0,
       26353.0, 26714.0, 27075.0, 27436.0, 27797.0, 28158.0, 28519.0, 28880.0,
       29241.0, 29602.0, 29963.0, 30324.0, 30685.0, 31046.0, 31407.0, 31768.0,
       32129.0, 32490.0, 32851.0, 33212.0, 33573.0, 33934.0, 34295.0, 34656.0,
       35017.0, 35378.0, 35739.0, 36100.0, 36461.0, 36822.0, 37183.0, 37544.0,
       37905.0, 38266.0, 38627.0, 38988.0, 39349.0, 39710.0, 40071.0, 40432.0,
       40793.0, 41154.0, 41515.0, 41876.0, 42237.0, 42598.0, 42959.0, 43320.0,
       43681.0, 44042.0, 44403.0, 44764.0, 45125.0, 45486.0, 45847.0, 46208.0},
      {20.0,    80.0,    180.0,   320.0,   500.0,   720.0,   980.0,   1280.0,
       1620.0,  2000.0,  2420.0,  2880.0,  3380.0,  3920.0,  4500.0,  5120.0,
       5780.0,  6480.0,  7220.0,  8000.0,  8400.0,  8800.0,  9200.0,  9600.0,
       10000.0, 10400.0, 10800.0, 11200.0, 11600.0, 12000.0, 12400.0, 12800.0,
       13200.0, 13600.0, 14000.0, 14400.0, 14800.0, 15200.0, 15600.0, 16000.0,
       16400.0, 16800.0, 17200.0, 17600.0, 18000.0, 18400.0, 18800.0, 19200.0,
       19600.0, 20000.0, 20400.0, 20800.0, 21200.0, 21600.0, 22000.0, 22400.0,
       22800.0, 23200.0, 23600.0, 24000.0, 24400.0, 24800.0, 25200.0, 25600.0,
       26000.0, 26400.0, 26800.0, 27200.0, 27600.0, 28000.0, 28400.0, 28800.0,
       29200.0, 29600.0, 30000.0, 30400.0, 30800.0, 31200.0, 31600.0, 32000.0,
       32400.0, 32800.0, 33200.0, 33600.0, 34000.0, 34400.0, 34800.0, 35200.0,
       35600.0, 36000.0, 36400.0, 36800.0, 37200.0, 37600.0, 38000.0, 38400.0,
       38800.0, 39200.0, 39600.0, 40000.0, 40400.0, 40800.0, 41200.0, 41600.0,
       42000.0, 42400.0, 42800.0, 43200.0, 43600.0, 44000.0, 44400.0, 44800.0,
       45200.0, 45600.0, 46000.0, 46400.0, 46800.0, 47200.0, 47600.0, 48000.0,
       48400.0, 48800.0, 49200.0, 49600.0, 50000.0, 50400.0, 50800.0, 51200.0},
      {21.0,    84.0,    189.0,   336.0,   525.0,   756.0,   1029.0,  1344.0,
       1701.0,  2100.0,  2541.0,  3024.0,  3549.0,  4116.0,  4725.0,  5376.0,
       6069.0,  6804.0,  7581.0,  8400.0,  9261.0,  9702.0,  10143.0, 10584.0,
       11025.0, 11466.0, 11907.0, 12348.0, 12789.0, 13230.0, 13671.0, 14112.0,
       14553.0, 14994.0, 15435.0, 15876.0, 16317.0, 16758.0, 17199.0, 17640.0,
       18081.0, 18522.0, 18963.0, 19404.0, 19845.0, 20286.0, 20727.0, 21168.0,
       21609.0, 22050.0, 22491.0, 22932.0, 23373.0, 23814.0, 24255.0, 24696.0,
       25137.0, 25578.0, 26019.0, 26460.0, 26901.0, 27342.0, 27783.0, 28224.0,
       28665.0, 29106.0, 29547.0, 29988.0, 30429.0, 30870.0, 31311.0, 31752.0,
       32193.0, 32634.0, 33075.0, 33516.0, 33957.0, 34398.0, 34839.0, 35280.0,
       35721.0, 36162.0, 36603.0, 37044.0, 37485.0, 37926.0, 38367.0, 38808.0,
       39249.0, 39690.0, 40131.0, 40572.0, 41013.0, 41454.0, 41895.0, 42336.0,
       42777.0, 43218.0, 43659.0, 44100.0, 44541.0, 44982.0, 45423.0, 45864.0,
       46305.0, 46746.0, 47187.0, 47628.0, 48069.0, 48510.0, 48951.0, 49392.0,
       49833.0, 50274.0, 50715.0, 51156.0, 51597.0, 52038.0, 52479.0, 52920.0,
       53361.0, 53802.0, 54243.0, 54684.0, 55125.0, 55566.0, 56007.0, 56448.0},
      {22.0,    88.0,    198.0,   352.0,   550.0,   792.0,   1078.0,  1408.0,
       1782.0,  2200.0,  2662.0,  3168.0,  3718.0,  4312.0,  4950.0,  5632.0,
       6358.0,  7128.0,  7942.0,  8800.0,  9702.0,  10648.0, 11132.0, 11616.0,
       12100.0, 12584.0, 13068.0, 13552.0, 14036.0, 14520.0, 15004.0, 15488.0,
       15972.0, 16456.0, 16940.0, 17424.0, 17908.0, 18392.0, 18876.0, 19360.0,
       19844.0, 20328.0, 20812.0, 21296.0, 21780.0, 22264.0, 22748.0, 23232.0,
       23716.0, 24200.0, 24684.0, 25168.0, 25652.0, 26136.0, 26620.0, 27104.0,
       27588.0, 28072.0, 28556.0, 29040.0, 29524.0, 30008.0, 30492.0, 30976.0,
       31460.0, 31944.0, 32428.0, 32912.0, 33396.0, 33880.0, 34364.0, 34848.0,
       35332.0, 35816.0, 36300.0, 36784.0, 37268.0, 37752.0, 38236.0, 38720.0,
       39204.0, 39688.0, 40172.0, 40656.0, 41140.0, 41624.0, 42108.0, 42592.0,
       43076.0, 43560.0, 44044.0, 44528.0, 45012.0, 45496.0, 45980.0, 46464.0,
       46948.0, 47432.0, 47916.0, 48400.0, 48884.0, 49368.0, 49852.0, 50336.0,
       50820.0, 51304.0, 51788.0, 52272.0, 52756.0, 53240.0, 53724.0, 54208.0,
       54692.0, 55176.0, 55660.0, 56144.0, 56628.0, 57112.0, 57596.0, 58080.0,
       58564.0, 59048.0, 59532.0, 60016.0, 60500.0, 60984.0, 61468.0, 61952.0},
      {23.0,    92.0,    207.0,   368.0,   575.0,   828.0,   1127.0,  1472.0,
       1863.0,  2300.0,  2783.0,  3312.0,  3887.0,  4508.0,  5175.0,  5888.0,
       6647.0,  7452.0,  8303.0,  9200.0,  10143.0, 11132.0, 12167.0, 12696.0,
       13225.0, 13754.0, 14283.0, 14812.0, 15341.0, 15870.0, 16399.0, 16928.0,
       17457.0, 17986.0, 18515.0, 19044.0, 19573.0, 20102.0, 20631.0, 21160.0,
       21689.0, 22218.0, 22747.0, 23276.0, 23805.0, 24334.0, 24863.0, 25392.0,
       25921.0, 26450.0, 26979.0, 27508.0, 28037.0, 28566.0, 29095.0, 29624.0,
       30153.0, 30682.0, 31211.0, 31740.0, 32269.0, 32798.0, 33327.0, 33856.0,
       34385.0, 34914.0, 35443.0, 35972.0, 36501.0, 37030.0, 37559.0, 38088.0,
       38617.0, 39146.0, 39675.0, 40204.0, 40733.0, 41262.0, 41791.0, 42320.0,
       42849.0, 43378.0, 43907.0, 44436.0, 44965.0, 45494.0, 46023.0, 46552.0,
       47081.0, 47610.0, 48139.0, 48668.0, 49197.0, 49726.0, 50255.0, 50784.0,
       51313.0, 51842.0, 52371.0, 52900.0, 53429.0, 53958.0, 54487.0, 55016.0,
       55545.0, 56074.0, 56603.0, 57132.0, 57661.0, 58190.0, 58719.0, 59248.0,
       59777.0, 60306.0, 60835.0, 61364.0, 61893.0, 62422.0, 62951.0, 63480.0,
       64009.0, 64538.0, 65067.0, 65596.0, 66125.0, 66654.0, 67183.0, 67712.0},
      {24.0,    96.0,    216.0,   384.0,   600.0,   864.0,   1176.0,  1536.0,
       1944.0,  2400.0,  2904.0,  3456.0,  4056.0,  4704.0,  5400.0,  6144.0,
       6936.0,  7776.0,  8664.0,  9600.0,  10584.0, 11616.0, 12696.0, 13824.0,
       14400.0, 14976.0, 15552.0, 16128.0, 16704.0, 17280.0, 17856.0, 18432.0,
       19008.0, 19584.0, 20160.0, 20736.0, 21312.0, 21888.0, 22464.0, 23040.0,
       23616.0, 24192.0, 24768.0, 25344.0, 25920.0, 26496.0, 27072.0, 27648.0,
       28224.0, 28800.0, 29376.0, 29952.0, 30528.0, 31104.0, 31680.0, 32256.0,
       32832.0, 33408.0, 33984.0, 34560.0, 35136.0, 35712.0, 36288.0, 36864.0,
       37440.0, 38016.0, 38592.0, 39168.0, 39744.0, 40320.0, 40896.0, 41472.0,
       42048.0, 42624.0, 43200.0, 43776.0, 44352.0, 44928.0, 45504.0, 46080.0,
       46656.0, 47232.0, 47808.0, 48384.0, 48960.0, 49536.0, 50112.0, 50688.0,
       51264.0, 51840.0, 52416.0, 52992.0, 53568.0, 54144.0, 54720.0, 55296.0,
       55872.0, 56448.0, 57024.0, 57600.0, 58176.0, 58752.0, 59328.0, 59904.0,
       60480.0, 61056.0, 61632.0, 62208.0, 62784.0, 63360.0, 63936.0, 64512.0,
       65088.0, 65664.0, 66240.0, 66816.0, 67392.0, 67968.0, 68544.0, 69120.0,
       69696.0, 70272.0, 70848.0, 71424.0, 72000.0, 72576.0, 73152.0, 73728.0},
      {25.0,    100.0,   225.0,   400.0,   625.0,   900.0,   1225.0,  1600.0,
       2025.0,  2500.0,  3025.0,  3600.0,  4225.0,  4900.0,  5625.0,  6400.0,
       7225.0,  8100.0,  9025.0,  10000.0, 11025.0, 12100.0, 13225.0, 14400.0,
       15625.0, 16250.0, 16875.0, 17500.0, 18125.0, 18750.0, 19375.0, 20000.0,
       20625.0, 21250.0, 21875.0, 22500.0, 23125.0, 23750.0, 24375.0, 25000.0,
       25625.0, 26250.0, 26875.0, 27500.0, 28125.0, 28750.0, 29375.0, 30000.0,
       30625.0, 31250.0, 31875.0, 32500.0, 33125.0, 33750.0, 34375.0, 35000.0,
       35625.0, 36250.0, 36875.0, 37500.0, 38125.0, 38750.0, 39375.0, 40000.0,
       40625.0, 41250.0, 41875.0, 42500.0, 43125.0, 43750.0, 44375.0, 45000.0,
       45625.0, 46250.0, 46875.0, 47500.0, 48125.0, 48750.0, 49375.0, 50000.0,
       50625.0, 51250.0, 51875.0, 52500.0, 53125.0, 53750.0, 54375.0, 55000.0,
       55625.0, 56250.0, 56875.0, 57500.0, 58125.0, 58750.0, 59375.0, 60000.0,
       60625.0, 61250.0, 61875.0, 62500.0, 63125.0, 63750.0, 64375.0, 65000.0,
       65625.0, 66250.0, 66875.0, 67500.0, 68125.0, 68750.0, 69375.0, 70000.0,
       70625.0, 71250.0, 71875.0, 72500.0, 73125.0, 73750.0, 74375.0, 75000.0,
       75625.0, 76250.0, 76875.0, 77500.0, 78125.0, 78750.0, 79375.0, 80000.0},
      {26.0,    104.0,   234.0,   416.0,   650.0,   936.0,   1274.0,  1664.0,
       2106.0,  2600.0,  3146.0,  3744.0,  4394.0,  5096.0,  5850.0,  6656.0,
       7514.0,  8424.0,  9386.0,  10400.0, 11466.0, 12584.0, 13754.0, 14976.0,
       16250.0, 17576.0, 18252.0, 18928.0, 19604.0, 20280.0, 20956.0, 21632.0,
       22308.0, 22984.0, 23660.0, 24336.0, 25012.0, 25688.0, 26364.0, 27040.0,
       27716.0, 28392.0, 29068.0, 29744.0, 30420.0, 31096.0, 31772.0, 32448.0,
       33124.0, 33800.0, 34476.0, 35152.0, 35828.0, 36504.0, 37180.0, 37856.0,
       38532.0, 39208.0, 39884.0, 40560.0, 41236.0, 41912.0, 42588.0, 43264.0,
       43940.0, 44616.0, 45292.0, 45968.0, 46644.0, 47320.0, 47996.0, 48672.0,
       49348.0, 50024.0, 50700.0, 51376.0, 52052.0, 52728.0, 53404.0, 54080.0,
       54756.0, 55432.0, 56108.0, 56784.0, 57460.0, 58136.0, 58812.0, 59488.0,
       60164.0, 60840.0, 61516.0, 62192.0, 62868.0, 63544.0, 64220.0, 64896.0,
       65572.0, 66248.0, 66924.0, 67600.0, 68276.0, 68952.0, 69628.0, 70304.0,
       70980.0, 71656.0, 72332.0, 73008.0, 73684.0, 74360.0, 75036.0, 75712.0,
       76388.0, 77064.0, 77740.0, 78416.0, 79092.0, 79768.0, 80444.0, 81120.0,
       81796.0, 82472.0, 83148.0, 83824.0, 84500.0, 85176.0, 85852.0, 86528.0},
      {27.0,    108.0,   243.0,   432.0,   675.0,   972.0,   1323.0,  1728.0,
       2187.0,  2700.0,  3267.0,  3888.0,  4563.0,  5292.0,  6075.0,  6912.0,
       7803.0,  8748.0,  9747.0,  10800.0, 11907.0, 13068.0, 14283.0, 15552.0,
       16875.0, 18252.0, 19683.0, 20412.0, 21141.0, 21870.0, 22599.0, 23328.0,
       24057.0, 24786.0, 25515.0, 26244.0, 26973.0, 27702.0, 28431.0, 29160.0,
       29889.0, 30618.0, 31347.0, 32076.0, 32805.0, 33534.0, 34263.0, 34992.0,
       35721.0, 36450.0, 37179.0, 37908.0, 38637.0, 39366.0, 40095.0, 40824.0,
       41553.0, 42282.0, 43011.0, 43740.0, 44469.0, 45198.0, 45927.0, 46656.0,
       47385.0, 48114.0, 48843.0, 49572.0, 50301.0, 51030.0, 51759.0, 52488.0,
       53217.0, 53946.0, 54675.0, 55404.0, 56133.0, 56862.0, 57591.0, 58320.0,
       59049.0, 59778.0, 60507.0, 61236.0, 61965.0, 62694.0, 63423.0, 64152.0,
       64881.0, 65610.0, 66339.0, 67068.0, 67797.0, 68526.0, 69255.0, 69984.0,
       70713.0, 71442.0, 72171.0, 72900.0, 73629.0, 74358.0, 75087.0, 75816.0,
       76545.0, 77274.0, 78003.0, 78732.0, 79461.0, 80190.0, 80919.0, 81648.0,
       82377.0, 83106.0, 83835.0, 84564.0, 85293.0, 86022.0, 86751.0, 87480.0,
       88209.0, 88938.0, 89667.0, 90396.0, 91125.0, 91854.0, 92583.0, 93312.0},
      {28.0,    112.0,   252.0,   448.0,   700.0,   1008.0,  1372.0,  1792.0,
       2268.0,  2800.0,  3388.0,  4032.0,  4732.0,  5488.0,  6300.0,  7168.0,
       8092.0,  9072.0,  10108.0, 11200.0, 12348.0, 13552.0, 14812.0, 16128.0,
       17500.0, 18928.0, 20412.0, 21952.0, 22736.0, 23520.0, 24304.0, 25088.0,
       25872.0, 26656.0, 27440.0, 28224.0, 29008.0, 29792.0, 30576.0, 31360.0,
       32144.0, 32928.0, 33712.0, 34496.0, 35280.0, 36064.0, 36848.0, 37632.0,
       38416.0, 39200.0, 39984.0, 40768.0, 41552.0, 42336.0, 43120.0, 43904.0,
       44688.0, 45472.0, 46256.0, 47040.0, 47824.0, 48608.0, 49392.0, 50176.0,
       50960.0, 51744.0, 52528.0, 53312.0, 54096.0, 54880.0, 55664.0, 56448.0,
       57232.0, 58016.0, 58800.0, 59584.0, 60368.0, 61152.0, 61936.0, 62720.0,
       63504.0, 64288.0, 65072.0, 65856.0, 66640.0, 67424.0, 68208.0, 68992.0,
       69776.0, 70560.0, 71344.0, 72128.0, 72912.0, 73696.0, 74480.0, 75264.0,
       76048.0, 76832.0, 77616.0, 78400.0, 79184.0, 79968.0, 80752.0, 81536.0,
       82320.0, 83104.0, 83888.0, 84672.0, 85456.0, 86240.0, 87024.0, 87808.0,
       88592.0, 89376.0, 90160.0, 90944.0, 91728.0, 92512.0, 93296.0, 94080.0,
       94864.0, 95648.0, 96432.0, 97216.0, 98000.0, 98784.0, 99568.0, 100352.0},
      {29.0,     116.0,    261.0,    464.0,    725.0,    1044.0,   1421.0,
       1856.0,   2349.0,   2900.0,   3509.0,   4176.0,   4901.0,   5684.0,
       6525.0,   7424.0,   8381.0,   9396.0,   10469.0,  11600.0,  12789.0,
       14036.0,  15341.0,  16704.0,  18125.0,  19604.0,  21141.0,  22736.0,
       24389.0,  25230.0,  26071.0,  26912.0,  27753.0,  28594.0,  29435.0,
       30276.0,  31117.0,  31958.0,  32799.0,  33640.0,  34481.0,  35322.0,
       36163.0,  37004.0,  37845.0,  38686.0,  39527.0,  40368.0,  41209.0,
       42050.0,  42891.0,  43732.0,  44573.0,  45414.0,  46255.0,  47096.0,
       47937.0,  48778.0,  49619.0,  50460.0,  51301.0,  52142.0,  52983.0,
       53824.0,  54665.0,  55506.0,  56347.0,  57188.0,  58029.0,  58870.0,
       59711.0,  60552.0,  61393.0,  62234.0,  63075.0,  63916.0,  64757.0,
       65598.0,  66439.0,  67280.0,  68121.0,  68962.0,  69803.0,  70644.0,
       71485.0,  72326.0,  73167.0,  74008.0,  74849.0,  75690.0,  76531.0,
       77372.0,  78213.0,  79054.0,  79895.0,  80736.0,  81577.0,  82418.0,
       83259.0,  84100.0,  84941.0,  85782.0,  86623.0,  87464.0,  88305.0,
       89146.0,  89987.0,  90828.0,  91669.0,  92510.0,  93351.0,  94192.0,
       95033.0,  95874.0,  96715.0,  97556.0,  98397.0,  99238.0,  100079.0,
       100920.0, 101761.0, 102602.0, 103443.0, 104284.0, 105125.0, 105966.0,
       106807.0, 107648.0},
      {30.0,     120.0,    270.0,    480.0,    750.0,    1080.0,   1470.0,
       1920.0,   2430.0,   3000.0,   3630.0,   4320.0,   5070.0,   5880.0,
       6750.0,   7680.0,   8670.0,   9720.0,   10830.0,  12000.0,  13230.0,
       14520.0,  15870.0,  17280.0,  18750.0,  20280.0,  21870.0,  23520.0,
       25230.0,  27000.0,  27900.0,  28800.0,  29700.0,  30600.0,  31500.0,
       32400.0,  33300.0,  34200.0,  35100.0,  36000.0,  36900.0,  37800.0,
       38700.0,  39600.0,  40500.0,  41400.0,  42300.0,  43200.0,  44100.0,
       45000.0,  45900.0,  46800.0,  47700.0,  48600.0,  49500.0,  50400.0,
       51300.0,  52200.0,  53100.0,  54000.0,  54900.0,  55800.0,  56700.0,
       57600.0,  58500.0,  59400.0,  60300.0,  61200.0,  62100.0,  63000.0,
       63900.0,  64800.0,  65700.0,  66600.0,  67500.0,  68400.0,  69300.0,
       70200.0,  71100.0,  72000.0,  72900.0,  73800.0,  74700.0,  75600.0,
       76500.0,  77400.0,  78300.0,  79200.0,  80100.0,  81000.0,  81900.0,
       82800.0,  83700.0,  84600.0,  85500.0,  86400.0,  87300.0,  88200.0,
       89100.0,  90000.0,  90900.0,  91800.0,  92700.0,  93600.0,  94500.0,
       95400.0,  96300.0,  97200.0,  98100.0,  99000.0,  99900.0,  100800.0,
       101700.0, 102600.0, 103500.0, 104400.0, 105300.0, 106200.0, 107100.0,
       108000.0, 108900.0, 109800.0, 110700.0, 111600.0, 112500.0, 113400.0,
       114300.0, 115200.0},
      {31.0,     124.0,    279.0,    496.0,    775.0,    1116.0,   1519.0,
       1984.0,   2511.0,   3100.0,   3751.0,   4464.0,   5239.0,   6076.0,
       6975.0,   7936.0,   8959.0,   10044.0,  11191.0,  12400.0,  13671.0,
       15004.0,  16399.0,  17856.0,  19375.0,  20956.0,  22599.0,  24304.0,
       26071.0,  27900.0,  29791.0,  30752.0,  31713.0,  32674.0,  33635.0,
       34596.0,  35557.0,  36518.0,  37479.0,  38440.0,  39401.0,  40362.0,
       41323.0,  42284.0,  43245.0,  44206.0,  45167.0,  46128.0,  47089.0,
       48050.0,  49011.0,  49972.0,  50933.0,  51894.0,  52855.0,  53816.0,
       54777.0,  55738.0,  56699.0,  57660.0,  58621.0,  59582.0,  60543.0,
       61504.0,  62465.0,  63426.0,  64387.0,  65348.0,  66309.0,  67270.0,
       68231.0,  69192.0,  70153.0,  71114.0,  72075.0,  73036.0,  73997.0,
       74958.0,  75919.0,  76880.0,  77841.0,  78802.0,  79763.0,  80724.0,
       81685.0,  82646.0,  83607.0,  84568.0,  85529.0,  86490.0,  87451.0,
       88412.0,  89373.0,  90334.0,  91295.0,  92256.0,  93217.0,  94178.0,
       95139.0,  96100.0,  97061.0,  98022.0,  98983.0,  99944.0,  100905.0,
       101866.0, 102827.0, 103788.0, 104749.0, 105710.0, 106671.0, 107632.0,
       108593.0, 109554.0, 110515.0, 111476.0, 112437.0, 113398.0, 114359.0,
       115320.0, 116281.0, 117242.0, 118203.0, 119164.0, 120125.0, 121086.0,
       122047.0, 123008.0},
      {32.0,     128.0,    288.0,    512.0,    800.0,    1152.0,   1568.0,
       2048.0,   2592.0,   3200.0,   3872.0,   4608.0,   5408.0,   6272.0,
       7200.0,   8192.0,   9248.0,   10368.0,  11552.0,  12800.0,  14112.0,
       15488.0,  16928.0,  18432.0,  20000.0,  21632.0,  23328.0,  25088.0,
       26912.0,  28800.0,  30752.0,  32768.0,  33792.0,  34816.0,  35840.0,
       36864.0,  37888.0,  38912.0,  39936.0,  40960.0,  41984.0,  43008.0,
       44032.0,  45056.0,  46080.0,  47104.0,  48128.0,  49152.0,  50176.0,
       51200.0,  52224.0,  53248.0,  54272.0,  55296.0,  56320.0,  57344.0,
       58368.0,  59392.0,  60416.0,  61440.0,  62464.0,  63488.0,  64512.0,
       65536.0,  66560.0,  67584.0,  68608.0,  69632.0,  70656.0,  71680.0,
       72704.0,  73728.0,  74752.0,  75776.0,  76800.0,  77824.0,  78848.0,
       79872.0,  80896.0,  81920.0,  82944.0,  83968.0,  84992.0,  86016.0,
       87040.0,  88064.0,  89088.0,  90112.0,  91136.0,  92160.0,  93184.0,
       94208.0,  95232.0,  96256.0,  97280.0,  98304.0,  99328.0,  100352.0,
       101376.0, 102400.0, 103424.0, 104448.0, 105472.0, 106496.0, 107520.0,
       108544.0, 109568.0, 110592.0, 111616.0, 112640.0, 113664.0, 114688.0,
       115712.0, 116736.0, 117760.0, 118784.0, 119808.0, 120832.0, 121856.0,
       122880.0, 123904.0, 124928.0, 125952.0, 126976.0, 128000.0, 129024.0,
       130048.0, 131072.0},
      {33.0,     132.0,    297.0,    528.0,    825.0,    1188.0,   1617.0,
       2112.0,   2673.0,   3300.0,   3993.0,   4752.0,   5577.0,   6468.0,
       7425.0,   8448.0,   9537.0,   10692.0,  11913.0,  13200.0,  14553.0,
