The content of A is: 
0.000000 0.000000 0.000000 0.000000 0.000000 0.000000 0.000000 0.000000 0.000000 0.000000 0.000000 0.000000 0.000000 0.000000 0.000000 0.000000 0.000000 0.000000 0.000000 0.000000 0.000000 0.000000 0.000000 0.000000 0.000000 0.000000 0.000000 0.000000 0.000000 0.000000 0.000000 0.000000 
1.000000 1.000000 1.000000 1.000000 1.000000 1.000000 1.000000 1.000000 1.000000 1.000000 1.000000 1.000000 1.000000 1.000000 1.000000 1.000000 1.000000 1.000000 1.000000 1.000000 1.000000 1.000000 1.000000 1.000000 1.000000 1.000000 1.000000 1.000000 1.000000 1.000000 1.000000 1.000000 
2.000000 2.000000 2.000000 2.000000 2.000000 2.000000 2.000000 2.000000 2.000000 2.000000 2.000000 2.000000 2.000000 2.000000 2.000000 2.000000 2.000000 2.000000 2.000000 2.000000 2.000000 2.000000 2.000000 2.000000 2.000000 2.000000 2.000000 2.000000 2.000000 2.000000 2.000000 2.000000 
3.000000 3.000000 3.000000 3.000000 3.000000 3.000000 3.000000 3.000000 3.000000 3.000000 3.000000 3.000000 3.000000 3.000000 3.000000 3.000000 3.000000 3.000000 3.000000 3.000000 3.000000 3.000000 3.000000 3.000000 3.000000 3.000000 3.000000 3.000000 3.000000 3.000000 3.000000 3.000000 
4.000000 4.000000 4.000000 4.000000 4.000000 4.000000 4.000000 4.000000 4.000000 4.000000 4.000000 4.000000 4.000000 4.000000 4.000000 4.000000 4.000000 4.000000 4.000000 4.000000 4.000000 4.000000 4.000000 4.000000 4.000000 4.000000 4.000000 4.000000 4.000000 4.000000 4.000000 4.000000 
5.000000 5.000000 5.000000 5.000000 5.000000 5.000000 5.000000 5.000000 5.000000 5.000000 5.000000 5.000000 5.000000 5.000000 5.000000 5.000000 5.000000 5.000000 5.000000 5.000000 5.000000 5.000000 5.000000 5.000000 5.000000 5.000000 5.000000 5.000000 5.000000 5.000000 5.000000 5.000000 
6.000000 6.000000 6.000000 6.000000 6.000000 6.000000 6.000000 6.000000 6.000000 6.000000 6.000000 6.000000 6.000000 6.000000 6.000000 6.000000 6.000000 6.000000 6.000000 6.000000 6.000000 6.000000 6.000000 6.000000 6.000000 6.000000 6.000000 6.000000 6.000000 6.000000 6.000000 6.000000 
7.000000 7.000000 7.000000 7.000000 7.000000 7.000000 7.000000 7.000000 7.000000 7.000000 7.000000 7.000000 7.000000 7.000000 7.000000 7.000000 7.000000 7.000000 7.000000 7.000000 7.000000 7.000000 7.000000 7.000000 7.000000 7.000000 7.000000 7.000000 7.000000 7.000000 7.000000 7.000000 
8.000000 8.000000 8.000000 8.000000 8.000000 8.000000 8.000000 8.000000 8.000000 8.000000 8.000000 8.000000 8.000000 8.000000 8.000000 8.000000 8.000000 8.000000 8.000000 8.000000 8.000000 8.000000 8.000000 8.000000 8.000000 8.000000 8.000000 8.000000 8.000000 8.000000 8.000000 8.000000 
9.000000 9.000000 9.000000 9.000000 9.000000 9.000000 9.000000 9.000000 9.000000 9.000000 9.000000 9.000000 9.000000 9.000000 9.000000 9.000000 9.000000 9.000000 9.000000 9.000000 9.000000 9.000000 9.000000 9.000000 9.000000 9.000000 9.000000 9.000000 9.000000 9.000000 9.000000 9.000000 
10.000000 10.000000 10.000000 10.000000 10.000000 10.000000 10.000000 10.000000 10.000000 10.000000 10.000000 10.000000 10.000000 10.000000 10.000000 10.000000 10.000000 10.000000 10.000000 10.000000 10.000000 10.000000 10.000000 10.000000 10.000000 10.000000 10.000000 10.000000 10.000000 10.000000 10.000000 10.000000 
11.000000 11.000000 11.000000 11.000000 11.000000 11.000000 11.000000 11.000000 11.000000 11.000000 11.000000 11.000000 11.000000 11.000000 11.000000 11.000000 11.000000 11.000000 11.000000 11.000000 11.000000 11.000000 11.000000 11.000000 11.000000 11.000000 11.000000 11.000000 11.000000 11.000000 11.000000 11.000000 
12.000000 12.000000 12.000000 12.000000 12.000000 12.000000 12.000000 12.000000 12.000000 12.000000 12.000000 12.000000 12.000000 12.000000 12.000000 12.000000 12.000000 12.000000 12.000000 12.000000 12.000000 12.000000 12.000000 12.000000 12.000000 12.000000 12.000000 12.000000 12.000000 12.000000 12.000000 12.000000 
13.000000 13.000000 13.000000 13.000000 13.000000 13.000000 13.000000 13.000000 13.000000 13.000000 13.000000 13.000000 13.000000 13.000000 13.000000 13.000000 13.000000 13.000000 13.000000 13.000000 13.000000 13.000000 13.000000 13.000000 13.000000 13.000000 13.000000 13.000000 13.000000 13.000000 13.000000 13.000000 
14.000000 14.000000 14.000000 14.000000 14.000000 14.000000 14.000000 14.000000 14.000000 14.000000 14.000000 14.000000 14.000000 14.000000 14.000000 14.000000 14.000000 14.000000 14.000000 14.000000 14.000000 14.000000 14.000000 14.000000 14.000000 14.000000 14.000000 14.000000 14.000000 14.000000 14.000000 14.000000 
15.000000 15.000000 15.000000 15.000000 15.000000 15.000000 15.000000 15.000000 15.000000 15.000000 15.000000 15.000000 15.000000 15.000000 15.000000 15.000000 15.000000 15.000000 15.000000 15.000000 15.000000 15.000000 15.000000 15.000000 15.000000 15.000000 15.000000 15.000000 15.000000 15.000000 15.000000 15.000000 
16.000000 16.000000 16.000000 16.000000 16.000000 16.000000 16.000000 16.000000 16.000000 16.000000 16.000000 16.000000 16.000000 16.000000 16.000000 16.000000 16.000000 16.000000 16.000000 16.000000 16.000000 16.000000 16.000000 16.000000 16.000000 16.000000 16.000000 16.000000 16.000000 16.000000 16.000000 16.000000 
17.000000 17.000000 17.000000 17.000000 17.000000 17.000000 17.000000 17.000000 17.000000 17.000000 17.000000 17.000000 17.000000 17.000000 17.000000 17.000000 17.000000 17.000000 17.000000 17.000000 17.000000 17.000000 17.000000 17.000000 17.000000 17.000000 17.000000 17.000000 17.000000 17.000000 17.000000 17.000000 
18.000000 18.000000 18.000000 18.000000 18.000000 18.000000 18.000000 18.000000 18.000000 18.000000 18.000000 18.000000 18.000000 18.000000 18.000000 18.000000 18.000000 18.000000 18.000000 18.000000 18.000000 18.000000 18.000000 18.000000 18.000000 18.000000 18.000000 18.000000 18.000000 18.000000 18.000000 18.000000 
19.000000 19.000000 19.000000 19.000000 19.000000 19.000000 19.000000 19.000000 19.000000 19.000000 19.000000 19.000000 19.000000 19.000000 19.000000 19.000000 19.000000 19.000000 19.000000 19.000000 19.000000 19.000000 19.000000 19.000000 19.000000 19.000000 19.000000 19.000000 19.000000 19.000000 19.000000 19.000000 
20.000000 20.000000 20.000000 20.000000 20.000000 20.000000 20.000000 20.000000 20.000000 20.000000 20.000000 20.000000 20.000000 20.000000 20.000000 20.000000 20.000000 20.000000 20.000000 20.000000 20.000000 20.000000 20.000000 20.000000 20.000000 20.000000 20.000000 20.000000 20.000000 20.000000 20.000000 20.000000 
21.000000 21.000000 21.000000 21.000000 21.000000 21.000000 21.000000 21.000000 21.000000 21.000000 21.000000 21.000000 21.000000 21.000000 21.000000 21.000000 21.000000 21.000000 21.000000 21.000000 21.000000 21.000000 21.000000 21.000000 21.000000 21.000000 21.000000 21.000000 21.000000 21.000000 21.000000 21.000000 
22.000000 22.000000 22.000000 22.000000 22.000000 22.000000 22.000000 22.000000 22.000000 22.000000 22.000000 22.000000 22.000000 22.000000 22.000000 22.000000 22.000000 22.000000 22.000000 22.000000 22.000000 22.000000 22.000000 22.000000 22.000000 22.000000 22.000000 22.000000 22.000000 22.000000 22.000000 22.000000 
23.000000 23.000000 23.000000 23.000000 23.000000 23.000000 23.000000 23.000000 23.000000 23.000000 23.000000 23.000000 23.000000 23.000000 23.000000 23.000000 23.000000 23.000000 23.000000 23.000000 23.000000 23.000000 23.000000 23.000000 23.000000 23.000000 23.000000 23.000000 23.000000 23.000000 23.000000 23.000000 
24.000000 24.000000 24.000000 24.000000 24.000000 24.000000 24.000000 24.000000 24.000000 24.000000 24.000000 24.000000 24.000000 24.000000 24.000000 24.000000 24.000000 24.000000 24.000000 24.000000 24.000000 24.000000 24.000000 24.000000 24.000000 24.000000 24.000000 24.000000 24.000000 24.000000 24.000000 24.000000 
25.000000 25.000000 25.000000 25.000000 25.000000 25.000000 25.000000 25.000000 25.000000 25.000000 25.000000 25.000000 25.000000 25.000000 25.000000 25.000000 25.000000 25.000000 25.000000 25.000000 25.000000 25.000000 25.000000 25.000000 25.000000 25.000000 25.000000 25.000000 25.000000 25.000000 25.000000 25.000000 
26.000000 26.000000 26.000000 26.000000 26.000000 26.000000 26.000000 26.000000 26.000000 26.000000 26.000000 26.000000 26.000000 26.000000 26.000000 26.000000 26.000000 26.000000 26.000000 26.000000 26.000000 26.000000 26.000000 26.000000 26.000000 26.000000 26.000000 26.000000 26.000000 26.000000 26.000000 26.000000 
27.000000 27.000000 27.000000 27.000000 27.000000 27.000000 27.000000 27.000000 27.000000 27.000000 27.000000 27.000000 27.000000 27.000000 27.000000 27.000000 27.000000 27.000000 27.000000 27.000000 27.000000 27.000000 27.000000 27.000000 27.000000 27.000000 27.000000 27.000000 27.000000 27.000000 27.000000 27.000000 
28.000000 28.000000 28.000000 28.000000 28.000000 28.000000 28.000000 28.000000 28.000000 28.000000 28.000000 28.000000 28.000000 28.000000 28.000000 28.000000 28.000000 28.000000 28.000000 28.000000 28.000000 28.000000 28.000000 28.000000 28.000000 28.000000 28.000000 28.000000 28.000000 28.000000 28.000000 28.000000 
29.000000 29.000000 29.000000 29.000000 29.000000 29.000000 29.000000 29.000000 29.000000 29.000000 29.000000 29.000000 29.000000 29.000000 29.000000 29.000000 29.000000 29.000000 29.000000 29.000000 29.000000 29.000000 29.000000 29.000000 29.000000 29.000000 29.000000 29.000000 29.000000 29.000000 29.000000 29.000000 
30.000000 30.000000 30.000000 30.000000 30.000000 30.000000 30.000000 30.000000 30.000000 30.000000 30.000000 30.000000 30.000000 30.000000 30.000000 30.000000 30.000000 30.000000 30.000000 30.000000 30.000000 30.000000 30.000000 30.000000 30.000000 30.000000 30.000000 30.000000 30.000000 30.000000 30.000000 30.000000 
31.000000 31.000000 31.000000 31.000000 31.000000 31.000000 31.000000 31.000000 31.000000 31.000000 31.000000 31.000000 31.000000 31.000000 31.000000 31.000000 31.000000 31.000000 31.000000 31.000000 31.000000 31.000000 31.000000 31.000000 31.000000 31.000000 31.000000 31.000000 31.000000 31.000000 31.000000 31.000000 
The content of B is: 
0.000000 1.000000 2.000000 3.000000 4.000000 5.000000 6.000000 7.000000 8.000000 9.000000 10.000000 11.000000 12.000000 13.000000 14.000000 15.000000 16.000000 17.000000 18.000000 19.000000 20.000000 21.000000 22.000000 23.000000 24.000000 25.000000 26.000000 27.000000 28.000000 29.000000 30.000000 31.000000 
0.000000 1.000000 2.000000 3.000000 4.000000 5.000000 6.000000 7.000000 8.000000 9.000000 10.000000 11.000000 12.000000 13.000000 14.000000 15.000000 16.000000 17.000000 18.000000 19.000000 20.000000 21.000000 22.000000 23.000000 24.000000 25.000000 26.000000 27.000000 28.000000 29.000000 30.000000 31.000000 
0.000000 1.000000 2.000000 3.000000 4.000000 5.000000 6.000000 7.000000 8.000000 9.000000 10.000000 11.000000 12.000000 13.000000 14.000000 15.000000 16.000000 17.000000 18.000000 19.000000 20.000000 21.000000 22.000000 23.000000 24.000000 25.000000 26.000000 27.000000 28.000000 29.000000 30.000000 31.000000 
0.000000 1.000000 2.000000 3.000000 4.000000 5.000000 6.000000 7.000000 8.000000 9.000000 10.000000 11.000000 12.000000 13.000000 14.000000 15.000000 16.000000 17.000000 18.000000 19.000000 20.000000 21.000000 22.000000 23.000000 24.000000 25.000000 26.000000 27.000000 28.000000 29.000000 30.000000 31.000000 
0.000000 1.000000 2.000000 3.000000 4.000000 5.000000 6.000000 7.000000 8.000000 9.000000 10.000000 11.000000 12.000000 13.000000 14.000000 15.000000 16.000000 17.000000 18.000000 19.000000 20.000000 21.000000 22.000000 23.000000 24.000000 25.000000 26.000000 27.000000 28.000000 29.000000 30.000000 31.000000 
0.000000 1.000000 2.000000 3.000000 4.000000 5.000000 6.000000 7.000000 8.000000 9.000000 10.000000 11.000000 12.000000 13.000000 14.000000 15.000000 16.000000 17.000000 18.000000 19.000000 20.000000 21.000000 22.000000 23.000000 24.000000 25.000000 26.000000 27.000000 28.000000 29.000000 30.000000 31.000000 
0.000000 1.000000 2.000000 3.000000 4.000000 5.000000 6.000000 7.000000 8.000000 9.000000 10.000000 11.000000 12.000000 13.000000 14.000000 15.000000 16.000000 17.000000 18.000000 19.000000 20.000000 21.000000 22.000000 23.000000 24.000000 25.000000 26.000000 27.000000 28.000000 29.000000 30.000000 31.000000 
0.000000 1.000000 2.000000 3.000000 4.000000 5.000000 6.000000 7.000000 8.000000 9.000000 10.000000 11.000000 12.000000 13.000000 14.000000 15.000000 16.000000 17.000000 18.000000 19.000000 20.000000 21.000000 22.000000 23.000000 24.000000 25.000000 26.000000 27.000000 28.000000 29.000000 30.000000 31.000000 
0.000000 1.000000 2.000000 3.000000 4.000000 5.000000 6.000000 7.000000 8.000000 9.000000 10.000000 11.000000 12.000000 13.000000 14.000000 15.000000 16.000000 17.000000 18.000000 19.000000 20.000000 21.000000 22.000000 23.000000 24.000000 25.000000 26.000000 27.000000 28.000000 29.000000 30.000000 31.000000 
0.000000 1.000000 2.000000 3.000000 4.000000 5.000000 6.000000 7.000000 8.000000 9.000000 10.000000 11.000000 12.000000 13.000000 14.000000 15.000000 16.000000 17.000000 18.000000 19.000000 20.000000 21.000000 22.000000 23.000000 24.000000 25.000000 26.000000 27.000000 28.000000 29.000000 30.000000 31.000000 
0.000000 1.000000 2.000000 3.000000 4.000000 5.000000 6.000000 7.000000 8.000000 9.000000 10.000000 11.000000 12.000000 13.000000 14.000000 15.000000 16.000000 17.000000 18.000000 19.000000 20.000000 21.000000 22.000000 23.000000 24.000000 25.000000 26.000000 27.000000 28.000000 29.000000 30.000000 31.000000 
0.000000 1.000000 2.000000 3.000000 4.000000 5.000000 6.000000 7.000000 8.000000 9.000000 10.000000 11.000000 12.000000 13.000000 14.000000 15.000000 16.000000 17.000000 18.000000 19.000000 20.000000 21.000000 22.000000 23.000000 24.000000 25.000000 26.000000 27.000000 28.000000 29.000000 30.000000 31.000000 
0.000000 1.000000 2.000000 3.000000 4.000000 5.000000 6.000000 7.000000 8.000000 9.000000 10.000000 11.000000 12.000000 13.000000 14.000000 15.000000 16.000000 17.000000 18.000000 19.000000 20.000000 21.000000 22.000000 23.000000 24.000000 25.000000 26.000000 27.000000 28.000000 29.000000 30.000000 31.000000 
0.000000 1.000000 2.000000 3.000000 4.000000 5.000000 6.000000 7.000000 8.000000 9.000000 10.000000 11.000000 12.000000 13.000000 14.000000 15.000000 16.000000 17.000000 18.000000 19.000000 20.000000 21.000000 22.000000 23.000000 24.000000 25.000000 26.000000 27.000000 28.000000 29.000000 30.000000 31.000000 
0.000000 1.000000 2.000000 3.000000 4.000000 5.000000 6.000000 7.000000 8.000000 9.000000 10.000000 11.000000 12.000000 13.000000 14.000000 15.000000 16.000000 17.000000 18.000000 19.000000 20.000000 21.000000 22.000000 23.000000 24.000000 25.000000 26.000000 27.000000 28.000000 29.000000 30.000000 31.000000 
0.000000 1.000000 2.000000 3.000000 4.000000 5.000000 6.000000 7.000000 8.000000 9.000000 10.000000 11.000000 12.000000 13.000000 14.000000 15.000000 16.000000 17.000000 18.000000 19.000000 20.000000 21.000000 22.000000 23.000000 24.000000 25.000000 26.000000 27.000000 28.000000 29.000000 30.000000 31.000000 
0.000000 1.000000 2.000000 3.000000 4.000000 5.000000 6.000000 7.000000 8.000000 9.000000 10.000000 11.000000 12.000000 13.000000 14.000000 15.000000 16.000000 17.000000 18.000000 19.000000 20.000000 21.000000 22.000000 23.000000 24.000000 25.000000 26.000000 27.000000 28.000000 29.000000 30.000000 31.000000 
0.000000 1.000000 2.000000 3.000000 4.000000 5.000000 6.000000 7.000000 8.000000 9.000000 10.000000 11.000000 12.000000 13.000000 14.000000 15.000000 16.000000 17.000000 18.000000 19.000000 20.000000 21.000000 22.000000 23.000000 24.000000 25.000000 26.000000 27.000000 28.000000 29.000000 30.000000 31.000000 
0.000000 1.000000 2.000000 3.000000 4.000000 5.000000 6.000000 7.000000 8.000000 9.000000 10.000000 11.000000 12.000000 13.000000 14.000000 15.000000 16.000000 17.000000 18.000000 19.000000 20.000000 21.000000 22.000000 23.000000 24.000000 25.000000 26.000000 27.000000 28.000000 29.000000 30.000000 31.000000 
0.000000 1.000000 2.000000 3.000000 4.000000 5.000000 6.000000 7.000000 8.000000 9.000000 10.000000 11.000000 12.000000 13.000000 14.000000 15.000000 16.000000 17.000000 18.000000 19.000000 20.000000 21.000000 22.000000 23.000000 24.000000 25.000000 26.000000 27.000000 28.000000 29.000000 30.000000 31.000000 
0.000000 1.000000 2.000000 3.000000 4.000000 5.000000 6.000000 7.000000 8.000000 9.000000 10.000000 11.000000 12.000000 13.000000 14.000000 15.000000 16.000000 17.000000 18.000000 19.000000 20.000000 21.000000 22.000000 23.000000 24.000000 25.000000 26.000000 27.000000 28.000000 29.000000 30.000000 31.000000 
0.000000 1.000000 2.000000 3.000000 4.000000 5.000000 6.000000 7.000000 8.000000 9.000000 10.000000 11.000000 12.000000 13.000000 14.000000 15.000000 16.000000 17.000000 18.000000 19.000000 20.000000 21.000000 22.000000 23.000000 24.000000 25.000000 26.000000 27.000000 28.000000 29.000000 30.000000 31.000000 
0.000000 1.000000 2.000000 3.000000 4.000000 5.000000 6.000000 7.000000 8.000000 9.000000 10.000000 11.000000 12.000000 13.000000 14.000000 15.000000 16.000000 17.000000 18.000000 19.000000 20.000000 21.000000 22.000000 23.000000 24.000000 25.000000 26.000000 27.000000 28.000000 29.000000 30.000000 31.000000 
0.000000 1.000000 2.000000 3.000000 4.000000 5.000000 6.000000 7.000000 8.000000 9.000000 10.000000 11.000000 12.000000 13.000000 14.000000 15.000000 16.000000 17.000000 18.000000 19.000000 20.000000 21.000000 22.000000 23.000000 24.000000 25.000000 26.000000 27.000000 28.000000 29.000000 30.000000 31.000000 
0.000000 1.000000 2.000000 3.000000 4.000000 5.000000 6.000000 7.000000 8.000000 9.000000 10.000000 11.000000 12.000000 13.000000 14.000000 15.000000 16.000000 17.000000 18.000000 19.000000 20.000000 21.000000 22.000000 23.000000 24.000000 25.000000 26.000000 27.000000 28.000000 29.000000 30.000000 31.000000 
0.000000 1.000000 2.000000 3.000000 4.000000 5.000000 6.000000 7.000000 8.000000 9.000000 10.000000 11.000000 12.000000 13.000000 14.000000 15.000000 16.000000 17.000000 18.000000 19.000000 20.000000 21.000000 22.000000 23.000000 24.000000 25.000000 26.000000 27.000000 28.000000 29.000000 30.000000 31.000000 
0.000000 1.000000 2.000000 3.000000 4.000000 5.000000 6.000000 7.000000 8.000000 9.000000 10.000000 11.000000 12.000000 13.000000 14.000000 15.000000 16.000000 17.000000 18.000000 19.000000 20.000000 21.000000 22.000000 23.000000 24.000000 25.000000 26.000000 27.000000 28.000000 29.000000 30.000000 31.000000 
0.000000 1.000000 2.000000 3.000000 4.000000 5.000000 6.000000 7.000000 8.000000 9.000000 10.000000 11.000000 12.000000 13.000000 14.000000 15.000000 16.000000 17.000000 18.000000 19.000000 20.000000 21.000000 22.000000 23.000000 24.000000 25.000000 26.000000 27.000000 28.000000 29.000000 30.000000 31.000000 
0.000000 1.000000 2.000000 3.000000 4.000000 5.000000 6.000000 7.000000 8.000000 9.000000 10.000000 11.000000 12.000000 13.000000 14.000000 15.000000 16.000000 17.000000 18.000000 19.000000 20.000000 21.000000 22.000000 23.000000 24.000000 25.000000 26.000000 27.000000 28.000000 29.000000 30.000000 31.000000 
0.000000 1.000000 2.000000 3.000000 4.000000 5.000000 6.000000 7.000000 8.000000 9.000000 10.000000 11.000000 12.000000 13.000000 14.000000 15.000000 16.000000 17.000000 18.000000 19.000000 20.000000 21.000000 22.000000 23.000000 24.000000 25.000000 26.000000 27.000000 28.000000 29.000000 30.000000 31.000000 
0.000000 1.000000 2.000000 3.000000 4.000000 5.000000 6.000000 7.000000 8.000000 9.000000 10.000000 11.000000 12.000000 13.000000 14.000000 15.000000 16.000000 17.000000 18.000000 19.000000 20.000000 21.000000 22.000000 23.000000 24.000000 25.000000 26.000000 27.000000 28.000000 29.000000 30.000000 31.000000 
0.000000 1.000000 2.000000 3.000000 4.000000 5.000000 6.000000 7.000000 8.000000 9.000000 10.000000 11.000000 12.000000 13.000000 14.000000 15.000000 16.000000 17.000000 18.000000 19.000000 20.000000 21.000000 22.000000 23.000000 24.000000 25.000000 26.000000 27.000000 28.000000 29.000000 30.000000 31.000000 
The content of C=A*B is: 
0.000000 0.000000 0.000000 0.000000 0.000000 0.000000 0.000000 0.000000 0.000000 0.000000 0.000000 0.000000 0.000000 0.000000 0.000000 0.000000 0.000000 0.000000 0.000000 0.000000 0.000000 0.000000 0.000000 0.000000 0.000000 0.000000 0.000000 0.000000 0.000000 0.000000 0.000000 0.000000 
0.000000 32.000000 64.000000 96.000000 128.000000 160.000000 192.000000 224.000000 256.000000 288.000000 320.000000 352.000000 384.000000 416.000000 448.000000 480.000000 512.000000 544.000000 576.000000 608.000000 640.000000 672.000000 704.000000 736.000000 768.000000 800.000000 832.000000 864.000000 896.000000 928.000000 960.000000 992.000000 
0.000000 64.000000 128.000000 192.000000 256.000000 320.000000 384.000000 448.000000 512.000000 576.000000 640.000000 704.000000 768.000000 832.000000 896.000000 960.000000 1024.000000 1088.000000 1152.000000 1216.000000 1280.000000 1344.000000 1408.000000 1472.000000 1536.000000 1600.000000 1664.000000 1728.000000 1792.000000 1856.000000 1920.000000 1984.000000 
0.000000 96.000000 192.000000 288.000000 384.000000 480.000000 576.000000 672.000000 768.000000 864.000000 960.000000 1056.000000 1152.000000 1248.000000 1344.000000 1440.000000 1536.000000 1632.000000 1728.000000 1824.000000 1920.000000 2016.000000 2112.000000 2208.000000 2304.000000 2400.000000 2496.000000 2592.000000 2688.000000 2784.000000 2880.000000 2976.000000 
0.000000 128.000000 256.000000 384.000000 512.000000 640.000000 768.000000 896.000000 1024.000000 1152.000000 1280.000000 1408.000000 1536.000000 1664.000000 1792.000000 1920.000000 2048.000000 2176.000000 2304.000000 2432.000000 2560.000000 2688.000000 2816.000000 2944.000000 3072.000000 3200.000000 3328.000000 3456.000000 3584.000000 3712.000000 3840.000000 3968.000000 
0.000000 160.000000 320.000000 480.000000 640.000000 800.000000 960.000000 1120.000000 1280.000000 1440.000000 1600.000000 1760.000000 1920.000000 2080.000000 2240.000000 2400.000000 2560.000000 2720.000000 2880.000000 3040.000000 3200.000000 3360.000000 3520.000000 3680.000000 3840.000000 4000.000000 4160.000000 4320.000000 4480.000000 4640.000000 4800.000000 4960.000000 
0.000000 192.000000 384.000000 576.000000 768.000000 960.000000 1152.000000 1344.000000 1536.000000 1728.000000 1920.000000 2112.000000 2304.000000 2496.000000 2688.000000 2880.000000 3072.000000 3264.000000 3456.000000 3648.000000 3840.000000 4032.000000 4224.000000 4416.000000 4608.000000 4800.000000 4992.000000 5184.000000 5376.000000 5568.000000 5760.000000 5952.000000 
0.000000 224.000000 448.000000 672.000000 896.000000 1120.000000 1344.000000 1568.000000 1792.000000 2016.000000 2240.000000 2464.000000 2688.000000 2912.000000 3136.000000 3360.000000 3584.000000 3808.000000 4032.000000 4256.000000 4480.000000 4704.000000 4928.000000 5152.000000 5376.000000 5600.000000 5824.000000 6048.000000 6272.000000 6496.000000 6720.000000 6944.000000 
0.000000 256.000000 512.000000 768.000000 1024.000000 1280.000000 1536.000000 1792.000000 2048.000000 2304.000000 2560.000000 2816.000000 3072.000000 3328.000000 3584.000000 3840.000000 4096.000000 4352.000000 4608.000000 4864.000000 5120.000000 5376.000000 5632.000000 5888.000000 6144.000000 6400.000000 6656.000000 6912.000000 7168.000000 7424.000000 7680.000000 7936.000000 
0.000000 288.000000 576.000000 864.000000 1152.000000 1440.000000 1728.000000 2016.000000 2304.000000 2592.000000 2880.000000 3168.000000 3456.000000 3744.000000 4032.000000 4320.000000 4608.000000 4896.000000 5184.000000 5472.000000 5760.000000 6048.000000 6336.000000 6624.000000 6912.000000 7200.000000 7488.000000 7776.000000 8064.000000 8352.000000 8640.000000 8928.000000 
0.000000 320.000000 640.000000 960.000000 1280.000000 1600.000000 1920.000000 2240.000000 2560.000000 2880.000000 3200.000000 3520.000000 3840.000000 4160.000000 4480.000000 4800.000000 5120.000000 5440.000000 5760.000000 6080.000000 6400.000000 6720.000000 7040.000000 7360.000000 7680.000000 8000.000000 8320.000000 8640.000000 8960.000000 9280.000000 9600.000000 9920.000000 
0.000000 352.000000 704.000000 1056.000000 1408.000000 1760.000000 2112.000000 2464.000000 2816.000000 3168.000000 3520.000000 3872.000000 4224.000000 4576.000000 4928.000000 5280.000000 5632.000000 5984.000000 6336.000000 6688.000000 7040.000000 7392.000000 7744.000000 8096.000000 8448.000000 8800.000000 9152.000000 9504.000000 9856.000000 10208.000000 10560.000000 10912.000000 
0.000000 384.000000 768.000000 1152.000000 1536.000000 1920.000000 2304.000000 2688.000000 3072.000000 3456.000000 3840.000000 4224.000000 4608.000000 4992.000000 5376.000000 5760.000000 6144.000000 6528.000000 6912.000000 7296.000000 7680.000000 8064.000000 8448.000000 8832.000000 9216.000000 9600.000000 9984.000000 10368.000000 10752.000000 11136.000000 11520.000000 11904.000000 
0.000000 416.000000 832.000000 1248.000000 1664.000000 2080.000000 2496.000000 2912.000000 3328.000000 3744.000000 4160.000000 4576.000000 4992.000000 5408.000000 5824.000000 6240.000000 6656.000000 7072.000000 7488.000000 7904.000000 8320.000000 8736.000000 9152.000000 9568.000000 9984.000000 10400.000000 10816.000000 11232.000000 11648.000000 12064.000000 12480.000000 12896.000000 
0.000000 448.000000 896.000000 1344.000000 1792.000000 2240.000000 2688.000000 3136.000000 3584.000000 4032.000000 4480.000000 4928.000000 5376.000000 5824.000000 6272.000000 6720.000000 7168.000000 7616.000000 8064.000000 8512.000000 8960.000000 9408.000000 9856.000000 10304.000000 10752.000000 11200.000000 11648.000000 12096.000000 12544.000000 12992.000000 13440.000000 13888.000000 
0.000000 480.000000 960.000000 1440.000000 1920.000000 2400.000000 2880.000000 3360.000000 3840.000000 4320.000000 4800.000000 5280.000000 5760.000000 6240.000000 6720.000000 7200.000000 7680.000000 8160.000000 8640.000000 9120.000000 9600.000000 10080.000000 10560.000000 11040.000000 11520.000000 12000.000000 12480.000000 12960.000000 13440.000000 13920.000000 14400.000000 14880.000000 
0.000000 512.000000 1024.000000 1536.000000 2048.000000 2560.000000 3072.000000 3584.000000 4096.000000 4608.000000 5120.000000 5632.000000 6144.000000 6656.000000 7168.000000 7680.000000 8192.000000 8704.000000 9216.000000 9728.000000 10240.000000 10752.000000 11264.000000 11776.000000 12288.000000 12800.000000 13312.000000 13824.000000 14336.000000 14848.000000 15360.000000 15872.000000 
0.000000 544.000000 1088.000000 1632.000000 2176.000000 2720.000000 3264.000000 3808.000000 4352.000000 4896.000000 5440.000000 5984.000000 6528.000000 7072.000000 7616.000000 8160.000000 8704.000000 9248.000000 9792.000000 10336.000000 10880.000000 11424.000000 11968.000000 12512.000000 13056.000000 13600.000000 14144.000000 14688.000000 15232.000000 15776.000000 16320.000000 16864.000000 
0.000000 576.000000 1152.000000 1728.000000 2304.000000 2880.000000 3456.000000 4032.000000 4608.000000 5184.000000 5760.000000 6336.000000 6912.000000 7488.000000 8064.000000 8640.000000 9216.000000 9792.000000 10368.000000 10944.000000 11520.000000 12096.000000 12672.000000 13248.000000 13824.000000 14400.000000 14976.000000 15552.000000 16128.000000 16704.000000 17280.000000 17856.000000 
0.000000 608.000000 1216.000000 1824.000000 2432.000000 3040.000000 3648.000000 4256.000000 4864.000000 5472.000000 6080.000000 6688.000000 7296.000000 7904.000000 8512.000000 9120.000000 9728.000000 10336.000000 10944.000000 11552.000000 12160.000000 12768.000000 13376.000000 13984.000000 14592.000000 15200.000000 15808.000000 16416.000000 17024.000000 17632.000000 18240.000000 18848.000000 
0.000000 640.000000 1280.000000 1920.000000 2560.000000 3200.000000 3840.000000 4480.000000 5120.000000 5760.000000 6400.000000 7040.000000 7680.000000 8320.000000 8960.000000 9600.000000 10240.000000 10880.000000 11520.000000 12160.000000 12800.000000 13440.000000 14080.000000 14720.000000 15360.000000 16000.000000 16640.000000 17280.000000 17920.000000 18560.000000 19200.000000 19840.000000 
0.000000 672.000000 1344.000000 2016.000000 2688.000000 3360.000000 4032.000000 4704.000000 5376.000000 6048.000000 6720.000000 7392.000000 8064.000000 8736.000000 9408.000000 10080.000000 10752.000000 11424.000000 12096.000000 12768.000000 13440.000000 14112.000000 14784.000000 15456.000000 16128.000000 16800.000000 17472.000000 18144.000000 18816.000000 19488.000000 20160.000000 20832.000000 
0.000000 704.000000 1408.000000 2112.000000 2816.000000 3520.000000 4224.000000 4928.000000 5632.000000 6336.000000 7040.000000 7744.000000 8448.000000 9152.000000 9856.000000 10560.000000 11264.000000 11968.000000 12672.000000 13376.000000 14080.000000 14784.000000 15488.000000 16192.000000 16896.000000 17600.000000 18304.000000 19008.000000 19712.000000 20416.000000 21120.000000 21824.000000 
0.000000 736.000000 1472.000000 2208.000000 2944.000000 3680.000000 4416.000000 5152.000000 5888.000000 6624.000000 7360.000000 8096.000000 8832.000000 9568.000000 10304.000000 11040.000000 11776.000000 12512.000000 13248.000000 13984.000000 14720.000000 15456.000000 16192.000000 16928.000000 17664.000000 18400.000000 19136.000000 19872.000000 20608.000000 21344.000000 22080.000000 22816.000000 
0.000000 768.000000 1536.000000 2304.000000 3072.000000 3840.000000 4608.000000 5376.000000 6144.000000 6912.000000 7680.000000 8448.000000 9216.000000 9984.000000 10752.000000 11520.000000 12288.000000 13056.000000 13824.000000 14592.000000 15360.000000 16128.000000 16896.000000 17664.000000 18432.000000 19200.000000 19968.000000 20736.000000 21504.000000 22272.000000 23040.000000 23808.000000 
0.000000 800.000000 1600.000000 2400.000000 3200.000000 4000.000000 4800.000000 5600.000000 6400.000000 7200.000000 8000.000000 8800.000000 9600.000000 10400.000000 11200.000000 12000.000000 12800.000000 13600.000000 14400.000000 15200.000000 16000.000000 16800.000000 17600.000000 18400.000000 19200.000000 20000.000000 20800.000000 21600.000000 22400.000000 23200.000000 24000.000000 24800.000000 
0.000000 832.000000 1664.000000 2496.000000 3328.000000 4160.000000 4992.000000 5824.000000 6656.000000 7488.000000 8320.000000 9152.000000 9984.000000 10816.000000 11648.000000 12480.000000 13312.000000 14144.000000 14976.000000 15808.000000 16640.000000 17472.000000 18304.000000 19136.000000 19968.000000 20800.000000 21632.000000 22464.000000 23296.000000 24128.000000 24960.000000 25792.000000 
0.000000 864.000000 1728.000000 2592.000000 3456.000000 4320.000000 5184.000000 6048.000000 6912.000000 7776.000000 8640.000000 9504.000000 10368.000000 11232.000000 12096.000000 12960.000000 13824.000000 14688.000000 15552.000000 16416.000000 17280.000000 18144.000000 19008.000000 19872.000000 20736.000000 21600.000000 22464.000000 23328.000000 24192.000000 25056.000000 25920.000000 26784.000000 
0.000000 896.000000 1792.000000 2688.000000 3584.000000 4480.000000 5376.000000 6272.000000 7168.000000 8064.000000 8960.000000 9856.000000 10752.000000 11648.000000 12544.000000 13440.000000 14336.000000 15232.000000 16128.000000 17024.000000 17920.000000 18816.000000 19712.000000 20608.000000 21504.000000 22400.000000 23296.000000 24192.000000 25088.000000 25984.000000 26880.000000 27776.000000 
0.000000 928.000000 1856.000000 2784.000000 3712.000000 4640.000000 5568.000000 6496.000000 7424.000000 8352.000000 9280.000000 10208.000000 11136.000000 12064.000000 12992.000000 13920.000000 14848.000000 15776.000000 16704.000000 17632.000000 18560.000000 19488.000000 20416.000000 21344.000000 22272.000000 23200.000000 24128.000000 25056.000000 25984.000000 26912.000000 27840.000000 28768.000000 
0.000000 960.000000 1920.000000 2880.000000 3840.000000 4800.000000 5760.000000 6720.000000 7680.000000 8640.000000 9600.000000 10560.000000 11520.000000 12480.000000 13440.000000 14400.000000 15360.000000 16320.000000 17280.000000 18240.000000 19200.000000 20160.000000 21120.000000 22080.000000 23040.000000 24000.000000 24960.000000 25920.000000 26880.000000 27840.000000 28800.000000 29760.000000 
0.000000 992.000000 1984.000000 2976.000000 3968.000000 4960.000000 5952.000000 6944.000000 7936.000000 8928.000000 9920.000000 10912.000000 11904.000000 12896.000000 13888.000000 14880.000000 15872.000000 16864.000000 17856.000000 18848.000000 19840.000000 20832.000000 21824.000000 22816.000000 23808.000000 24800.000000 25792.000000 26784.000000 27776.000000 28768.000000 29760.000000 30752.000000 
------------ STATISTICS -----------
Number of Instructions: 287192
Number of Cycles: 811026
Avg Cycles per Instrcution: 2.8240
Branch Perdiction Accuacy: 0.0000 (Strategy: Always Not Taken)
Number of Control Hazards: 51890
Number of Data Hazards: 0
Number of Memory Hazards: 0
-----------------------------------
