The content of A is: 
0.000000 0.000000 0.000000 0.000000 0.000000 0.000000 0.000000 0.000000 0.000000 0.000000 0.000000 0.000000 0.000000 0.000000 0.000000 0.000000 
1.000000 1.000000 1.000000 1.000000 1.000000 1.000000 1.000000 1.000000 1.000000 1.000000 1.000000 1.000000 1.000000 1.000000 1.000000 1.000000 
2.000000 2.000000 2.000000 2.000000 2.000000 2.000000 2.000000 2.000000 2.000000 2.000000 2.000000 2.000000 2.000000 2.000000 2.000000 2.000000 
3.000000 3.000000 3.000000 3.000000 3.000000 3.000000 3.000000 3.000000 3.000000 3.000000 3.000000 3.000000 3.000000 3.000000 3.000000 3.000000 
4.000000 4.000000 4.000000 4.000000 4.000000 4.000000 4.000000 4.000000 4.000000 4.000000 4.000000 4.000000 4.000000 4.000000 4.000000 4.000000 
5.000000 5.000000 5.000000 5.000000 5.000000 5.000000 5.000000 5.000000 5.000000 5.000000 5.000000 5.000000 5.000000 5.000000 5.000000 5.000000 
6.000000 6.000000 6.000000 6.000000 6.000000 6.000000 6.000000 6.000000 6.000000 6.000000 6.000000 6.000000 6.000000 6.000000 6.000000 6.000000 
7.000000 7.000000 7.000000 7.000000 7.000000 7.000000 7.000000 7.000000 7.000000 7.000000 7.000000 7.000000 7.000000 7.000000 7.000000 7.000000 
8.000000 8.000000 8.000000 8.000000 8.000000 8.000000 8.000000 8.000000 8.000000 8.000000 8.000000 8.000000 8.000000 8.000000 8.000000 8.000000 
9.000000 9.000000 9.000000 9.000000 9.000000 9.000000 9.000000 9.000000 9.000000 9.000000 9.000000 9.000000 9.000000 9.000000 9.000000 9.000000 
10.000000 10.000000 10.000000 10.000000 10.000000 10.000000 10.000000 10.000000 10.000000 10.000000 10.000000 10.000000 10.000000 10.000000 10.000000 10.000000 
11.000000 11.000000 11.000000 11.000000 11.000000 11.000000 11.000000 11.000000 11.000000 11.000000 11.000000 11.000000 11.000000 11.000000 11.000000 11.000000 
12.000000 12.000000 12.000000 12.000000 12.000000 12.000000 12.000000 12.000000 12.000000 12.000000 12.000000 12.000000 12.000000 12.000000 12.000000 12.000000 
13.000000 13.000000 13.000000 13.000000 13.000000 13.000000 13.000000 13.000000 13.000000 13.000000 13.000000 13.000000 13.000000 13.000000 13.000000 13.000000 
14.000000 14.000000 14.000000 14.000000 14.000000 14.000000 14.000000 14.000000 14.000000 14.000000 14.000000 14.000000 14.000000 14.000000 14.000000 14.000000 
15.000000 15.000000 15.000000 15.000000 15.000000 15.000000 15.000000 15.000000 15.000000 15.000000 15.000000 15.000000 15.000000 15.000000 15.000000 15.000000 
The content of B is: 
0.000000 1.000000 2.000000 3.000000 4.000000 5.000000 6.000000 7.000000 8.000000 9.000000 10.000000 11.000000 12.000000 13.000000 14.000000 15.000000 
0.000000 1.000000 2.000000 3.000000 4.000000 5.000000 6.000000 7.000000 8.000000 9.000000 10.000000 11.000000 12.000000 13.000000 14.000000 15.000000 
0.000000 1.000000 2.000000 3.000000 4.000000 5.000000 6.000000 7.000000 8.000000 9.000000 10.000000 11.000000 12.000000 13.000000 14.000000 15.000000 
0.000000 1.000000 2.000000 3.000000 4.000000 5.000000 6.000000 7.000000 8.000000 9.000000 10.000000 11.000000 12.000000 13.000000 14.000000 15.000000 
0.000000 1.000000 2.000000 3.000000 4.000000 5.000000 6.000000 7.000000 8.000000 9.000000 10.000000 11.000000 12.000000 13.000000 14.000000 15.000000 
0.000000 1.000000 2.000000 3.000000 4.000000 5.000000 6.000000 7.000000 8.000000 9.000000 10.000000 11.000000 12.000000 13.000000 14.000000 15.000000 
0.000000 1.000000 2.000000 3.000000 4.000000 5.000000 6.000000 7.000000 8.000000 9.000000 10.000000 11.000000 12.000000 13.000000 14.000000 15.000000 
0.000000 1.000000 2.000000 3.000000 4.000000 5.000000 6.000000 7.000000 8.000000 9.000000 10.000000 11.000000 12.000000 13.000000 14.000000 15.000000 
0.000000 1.000000 2.000000 3.000000 4.000000 5.000000 6.000000 7.000000 8.000000 9.000000 10.000000 11.000000 12.000000 13.000000 14.000000 15.000000 
0.000000 1.000000 2.000000 3.000000 4.000000 5.000000 6.000000 7.000000 8.000000 9.000000 10.000000 11.000000 12.000000 13.000000 14.000000 15.000000 
0.000000 1.000000 2.000000 3.000000 4.000000 5.000000 6.000000 7.000000 8.000000 9.000000 10.000000 11.000000 12.000000 13.000000 14.000000 15.000000 
0.000000 1.000000 2.000000 3.000000 4.000000 5.000000 6.000000 7.000000 8.000000 9.000000 10.000000 11.000000 12.000000 13.000000 14.000000 15.000000 
0.000000 1.000000 2.000000 3.000000 4.000000 5.000000 6.000000 7.000000 8.000000 9.000000 10.000000 11.000000 12.000000 13.000000 14.000000 15.000000 
0.000000 1.000000 2.000000 3.000000 4.000000 5.000000 6.000000 7.000000 8.000000 9.000000 10.000000 11.000000 12.000000 13.000000 14.000000 15.000000 
0.000000 1.000000 2.000000 3.000000 4.000000 5.000000 6.000000 7.000000 8.000000 9.000000 10.000000 11.000000 12.000000 13.000000 14.000000 15.000000 
0.000000 1.000000 2.000000 3.000000 4.000000 5.000000 6.000000 7.000000 8.000000 9.000000 10.000000 11.000000 12.000000 13.000000 14.000000 15.000000 
The content of C=A*B is: 
0.000000 0.000000 0.000000 0.000000 0.000000 0.000000 0.000000 0.000000 0.000000 0.000000 0.000000 0.000000 0.000000 0.000000 0.000000 0.000000 
0.000000 16.000000 32.000000 48.000000 64.000000 80.000000 96.000000 112.000000 128.000000 144.000000 160.000000 176.000000 192.000000 208.000000 224.000000 240.000000 
0.000000 32.000000 64.000000 96.000000 128.000000 160.000000 192.000000 224.000000 256.000000 288.000000 320.000000 352.000000 384.000000 416.000000 448.000000 480.000000 
0.000000 48.000000 96.000000 144.000000 192.000000 240.000000 288.000000 336.000000 384.000000 432.000000 480.000000 528.000000 576.000000 624.000000 672.000000 720.000000 
0.000000 64.000000 128.000000 192.000000 256.000000 320.000000 384.000000 448.000000 512.000000 576.000000 640.000000 704.000000 768.000000 832.000000 896.000000 960.000000 
0.000000 80.000000 160.000000 240.000000 320.000000 400.000000 480.000000 560.000000 640.000000 720.000000 800.000000 880.000000 960.000000 1040.000000 1120.000000 1200.000000 
0.000000 96.000000 192.000000 288.000000 384.000000 480.000000 576.000000 672.000000 768.000000 864.000000 960.000000 1056.000000 1152.000000 1248.000000 1344.000000 1440.000000 
0.000000 112.000000 224.000000 336.000000 448.000000 560.000000 672.000000 784.000000 896.000000 1008.000000 1120.000000 1232.000000 1344.000000 1456.000000 1568.000000 1680.000000 
0.000000 128.000000 256.000000 384.000000 512.000000 640.000000 768.000000 896.000000 1024.000000 1152.000000 1280.000000 1408.000000 1536.000000 1664.000000 1792.000000 1920.000000 
0.000000 144.000000 288.000000 432.000000 576.000000 720.000000 864.000000 1008.000000 1152.000000 1296.000000 1440.000000 1584.000000 1728.000000 1872.000000 2016.000000 2160.000000 
0.000000 160.000000 320.000000 480.000000 640.000000 800.000000 960.000000 1120.000000 1280.000000 1440.000000 1600.000000 1760.000000 1920.000000 2080.000000 2240.000000 2400.000000 
0.000000 176.000000 352.000000 528.000000 704.000000 880.000000 1056.000000 1232.000000 1408.000000 1584.000000 1760.000000 1936.000000 2112.000000 2288.000000 2464.000000 2640.000000 
0.000000 192.000000 384.000000 576.000000 768.000000 960.000000 1152.000000 1344.000000 1536.000000 1728.000000 1920.000000 2112.000000 2304.000000 2496.000000 2688.000000 2880.000000 
0.000000 208.000000 416.000000 624.000000 832.000000 1040.000000 1248.000000 1456.000000 1664.000000 1872.000000 2080.000000 2288.000000 2496.000000 2704.000000 2912.000000 3120.000000 
0.000000 224.000000 448.000000 672.000000 896.000000 1120.000000 1344.000000 1568.000000 1792.000000 2016.000000 2240.000000 2464.000000 2688.000000 2912.000000 3136.000000 3360.000000 
0.000000 240.000000 480.000000 720.000000 960.000000 1200.000000 1440.000000 1680.000000 1920.000000 2160.000000 2400.000000 2640.000000 2880.000000 3120.000000 3360.000000 3600.000000 
------------ STATISTICS -----------
Number of Instructions: 42008
Number of Cycles: 96904
Avg Cycles per Instrcution: 2.3068
Branch Perdiction Accuacy: 0.0640 (Strategy: Always Not Taken)
Number of Control Hazards: 8075
Number of Data Hazards: 7437
Number of Memory Hazards: 2
-----------------------------------
